Index        {U}              V(V1)             V(V2)      
0       -7.10000000e-01    7.04208733e-01    7.10006269e-01
1       -7.09000000e-01    7.05208628e-01    7.09006362e-01
2       -7.08000000e-01    7.06208519e-01    7.08006460e-01
3       -7.07000000e-01    7.07208405e-01    7.07006562e-01
4       -7.06000000e-01    7.08208285e-01    7.06006668e-01
5       -7.05000000e-01    7.09208161e-01    7.05006778e-01
6       -7.04000000e-01    7.10208031e-01    7.04006892e-01
7       -7.03000000e-01    7.11207896e-01    7.03007012e-01
8       -7.02000000e-01    7.12207755e-01    7.02007136e-01
9       -7.01000000e-01    7.13207607e-01    7.01007265e-01
10      -7.00000000e-01    7.14207454e-01    7.00007400e-01
11      -6.99000000e-01    7.15207294e-01    6.99007539e-01
12      -6.98000000e-01    7.16207127e-01    6.98007685e-01
13      -6.97000000e-01    7.17206953e-01    6.97007836e-01
14      -6.96000000e-01    7.18206771e-01    6.96007994e-01
15      -6.95000000e-01    7.19206582e-01    6.95008158e-01
16      -6.94000000e-01    7.20206385e-01    6.94008328e-01
17      -6.93000000e-01    7.21206180e-01    6.93008506e-01
18      -6.92000000e-01    7.22205966e-01    6.92008690e-01
19      -6.91000000e-01    7.23205743e-01    6.91008882e-01
20      -6.90000000e-01    7.24205510e-01    6.90009081e-01
21      -6.89000000e-01    7.25205268e-01    6.89009289e-01
22      -6.88000000e-01    7.26205016e-01    6.88009505e-01
23      -6.87000000e-01    7.27204753e-01    6.87009729e-01
24      -6.86000000e-01    7.28204480e-01    6.86009962e-01
25      -6.85000000e-01    7.29204195e-01    6.85010205e-01
26      -6.84000000e-01    7.30203898e-01    6.84010457e-01
27      -6.83000000e-01    7.31203588e-01    6.83010720e-01
28      -6.82000000e-01    7.32203266e-01    6.82010992e-01
29      -6.81000000e-01    7.33202931e-01    6.81011276e-01
30      -6.80000000e-01    7.34202582e-01    6.80011571e-01
31      -6.79000000e-01    7.35202218e-01    6.79011877e-01
32      -6.78000000e-01    7.36201840e-01    6.78012196e-01
33      -6.77000000e-01    7.37201446e-01    6.77012527e-01
34      -6.76000000e-01    7.38201036e-01    6.76012871e-01
35      -6.75000000e-01    7.39200608e-01    6.75013229e-01
36      -6.74000000e-01    7.40200164e-01    6.74013600e-01
37      -6.73000000e-01    7.41199701e-01    6.73013987e-01
38      -6.72000000e-01    7.42199219e-01    6.72014389e-01
39      -6.71000000e-01    7.43198718e-01    6.71014806e-01
40      -6.70000000e-01    7.44198196e-01    6.70015240e-01
41      -6.69000000e-01    7.45197653e-01    6.69015690e-01
42      -6.68000000e-01    7.46197087e-01    6.68016159e-01
43      -6.67000000e-01    7.47196499e-01    6.67016646e-01
44      -6.66000000e-01    7.48195887e-01    6.66017151e-01
45      -6.65000000e-01    7.49195250e-01    6.65017677e-01
46      -6.64000000e-01    7.50194586e-01    6.64018223e-01
47      -6.63000000e-01    7.51193897e-01    6.63018790e-01
48      -6.62000000e-01    7.52193179e-01    6.62019379e-01
49      -6.61000000e-01    7.53192432e-01    6.61019991e-01
50      -6.60000000e-01    7.54191655e-01    6.60020627e-01
51      -6.59000000e-01    7.55190846e-01    6.59021288e-01
52      -6.58000000e-01    7.56190005e-01    6.58021974e-01
53      -6.57000000e-01    7.57189130e-01    6.57022686e-01
54      -6.56000000e-01    7.58188220e-01    6.56023427e-01
55      -6.55000000e-01    7.59187273e-01    6.55024196e-01
56      -6.54000000e-01    7.60186288e-01    6.54024994e-01
57      -6.53000000e-01    7.61185263e-01    6.53025823e-01
58      -6.52000000e-01    7.62184198e-01    6.52026685e-01
59      -6.51000000e-01    7.63183089e-01    6.51027579e-01
60      -6.50000000e-01    7.64181936e-01    6.50028507e-01
61      -6.49000000e-01    7.65180737e-01    6.49029472e-01
62      -6.48000000e-01    7.66179490e-01    6.48030473e-01
63      -6.47000000e-01    7.67178193e-01    6.47031512e-01
64      -6.46000000e-01    7.68176845e-01    6.46032592e-01
65      -6.45000000e-01    7.69175442e-01    6.45033712e-01
66      -6.44000000e-01    7.70173984e-01    6.44034875e-01
67      -6.43000000e-01    7.71172467e-01    6.43036083e-01
68      -6.42000000e-01    7.72170891e-01    6.42037337e-01
69      -6.41000000e-01    7.73169251e-01    6.41038638e-01
70      -6.40000000e-01    7.74167547e-01    6.40039988e-01
71      -6.39000000e-01    7.75165775e-01    6.39041390e-01
72      -6.38000000e-01    7.76163933e-01    6.38042845e-01
73      -6.37000000e-01    7.77162017e-01    6.37044354e-01
74      -6.36000000e-01    7.78160026e-01    6.36045921e-01
75      -6.35000000e-01    7.79157957e-01    6.35047547e-01
76      -6.34000000e-01    7.80155805e-01    6.34049234e-01
77      -6.33000000e-01    7.81153569e-01    6.33050985e-01
78      -6.32000000e-01    7.82151245e-01    6.32052801e-01
79      -6.31000000e-01    7.83148829e-01    6.31054686e-01
80      -6.30000000e-01    7.84146319e-01    6.30056641e-01
81      -6.29000000e-01    7.85143709e-01    6.29058669e-01
82      -6.28000000e-01    7.86140998e-01    6.28060773e-01
83      -6.27000000e-01    7.87138180e-01    6.27062956e-01
84      -6.26000000e-01    7.88135252e-01    6.26065219e-01
85      -6.25000000e-01    7.89132209e-01    6.25067567e-01
86      -6.24000000e-01    7.90129048e-01    6.24070003e-01
87      -6.23000000e-01    7.91125763e-01    6.23072528e-01
88      -6.22000000e-01    7.92122351e-01    6.22075148e-01
89      -6.21000000e-01    7.93118805e-01    6.21077864e-01
90      -6.20000000e-01    7.94115122e-01    6.20080680e-01
91      -6.19000000e-01    7.95111296e-01    6.19083600e-01
92      -6.18000000e-01    7.96107322e-01    6.18086628e-01
93      -6.17000000e-01    7.97103194e-01    6.17089767e-01
94      -6.16000000e-01    7.98098906e-01    6.16093021e-01
95      -6.15000000e-01    7.99094452e-01    6.15096395e-01
96      -6.14000000e-01    8.00089827e-01    6.14099892e-01
97      -6.13000000e-01    8.01085024e-01    6.13103516e-01
98      -6.12000000e-01    8.02080036e-01    6.12107273e-01
99      -6.11000000e-01    8.03074856e-01    6.11111167e-01
100     -6.10000000e-01    8.04069478e-01    6.10115202e-01
101     -6.09000000e-01    8.05063894e-01    6.09119384e-01
102     -6.08000000e-01    8.06058096e-01    6.08123717e-01
103     -6.07000000e-01    8.07052077e-01    6.07128207e-01
104     -6.06000000e-01    8.08045828e-01    6.06132859e-01
105     -6.05000000e-01    8.09039342e-01    6.05137679e-01
106     -6.04000000e-01    8.10032609e-01    6.04142672e-01
107     -6.03000000e-01    8.11025620e-01    6.03147845e-01
108     -6.02000000e-01    8.12018367e-01    6.02153203e-01
109     -6.01000000e-01    8.13010839e-01    6.01158753e-01
110     -6.00000000e-01    8.14003027e-01    6.00164501e-01
111     -5.99000000e-01    8.14994920e-01    5.99170454e-01
112     -5.98000000e-01    8.15986508e-01    5.98176619e-01
113     -5.97000000e-01    8.16977781e-01    5.97183004e-01
114     -5.96000000e-01    8.17968725e-01    5.96189614e-01
115     -5.95000000e-01    8.18959331e-01    5.95196459e-01
116     -5.94000000e-01    8.19949586e-01    5.94203546e-01
117     -5.93000000e-01    8.20939477e-01    5.93210883e-01
118     -5.92000000e-01    8.21928992e-01    5.92218478e-01
119     -5.91000000e-01    8.22918116e-01    5.91226340e-01
120     -5.90000000e-01    8.23906838e-01    5.90234478e-01
121     -5.89000000e-01    8.24895142e-01    5.89242901e-01
122     -5.88000000e-01    8.25883013e-01    5.88251618e-01
123     -5.87000000e-01    8.26870438e-01    5.87260639e-01
124     -5.86000000e-01    8.27857399e-01    5.86269974e-01
125     -5.85000000e-01    8.28843882e-01    5.85279633e-01
126     -5.84000000e-01    8.29829869e-01    5.84289627e-01
127     -5.83000000e-01    8.30815343e-01    5.83299967e-01
128     -5.82000000e-01    8.31800288e-01    5.82310664e-01
129     -5.81000000e-01    8.32784684e-01    5.81321729e-01
130     -5.80000000e-01    8.33768513e-01    5.80333174e-01
131     -5.79000000e-01    8.34751756e-01    5.79345013e-01
132     -5.78000000e-01    8.35734393e-01    5.78357256e-01
133     -5.77000000e-01    8.36716403e-01    5.77369918e-01
134     -5.76000000e-01    8.37697766e-01    5.76383011e-01
135     -5.75000000e-01    8.38678459e-01    5.75396549e-01
136     -5.74000000e-01    8.39658460e-01    5.74410547e-01
137     -5.73000000e-01    8.40637746e-01    5.73425019e-01
138     -5.72000000e-01    8.41616294e-01    5.72439980e-01
139     -5.71000000e-01    8.42594079e-01    5.71455445e-01
140     -5.70000000e-01    8.43571076e-01    5.70471430e-01
141     -5.69000000e-01    8.44547258e-01    5.69487951e-01
142     -5.68000000e-01    8.45522601e-01    5.68505025e-01
143     -5.67000000e-01    8.46497075e-01    5.67522669e-01
144     -5.66000000e-01    8.47470653e-01    5.66540901e-01
145     -5.65000000e-01    8.48443307e-01    5.65559738e-01
146     -5.64000000e-01    8.49415006e-01    5.64579199e-01
147     -5.63000000e-01    8.50385720e-01    5.63599304e-01
148     -5.62000000e-01    8.51355417e-01    5.62620072e-01
149     -5.61000000e-01    8.52324066e-01    5.61641523e-01
150     -5.60000000e-01    8.53291633e-01    5.60663677e-01
151     -5.59000000e-01    8.54258084e-01    5.59686556e-01
152     -5.58000000e-01    8.55223385e-01    5.58710181e-01
153     -5.57000000e-01    8.56187499e-01    5.57734574e-01
154     -5.56000000e-01    8.57150390e-01    5.56759759e-01
155     -5.55000000e-01    8.58112020e-01    5.55785758e-01
156     -5.54000000e-01    8.59072350e-01    5.54812596e-01
157     -5.53000000e-01    8.60031342e-01    5.53840296e-01
158     -5.52000000e-01    8.60988953e-01    5.52868885e-01
159     -5.51000000e-01    8.61945144e-01    5.51898387e-01
160     -5.50000000e-01    8.62899870e-01    5.50928829e-01
161     -5.49000000e-01    8.63853088e-01    5.49960238e-01
162     -5.48000000e-01    8.64804755e-01    5.48992641e-01
163     -5.47000000e-01    8.65754823e-01    5.48026066e-01
164     -5.46000000e-01    8.66703245e-01    5.47060542e-01
165     -5.45000000e-01    8.67649975e-01    5.46096098e-01
166     -5.44000000e-01    8.68594963e-01    5.45132765e-01
167     -5.43000000e-01    8.69538159e-01    5.44170572e-01
168     -5.42000000e-01    8.70479511e-01    5.43209551e-01
169     -5.41000000e-01    8.71418967e-01    5.42249735e-01
170     -5.40000000e-01    8.72356474e-01    5.41291154e-01
171     -5.39000000e-01    8.73291978e-01    5.40333843e-01
172     -5.38000000e-01    8.74225421e-01    5.39377835e-01
173     -5.37000000e-01    8.75156747e-01    5.38423164e-01
174     -5.36000000e-01    8.76085899e-01    5.37469867e-01
175     -5.35000000e-01    8.77012817e-01    5.36517977e-01
176     -5.34000000e-01    8.77937441e-01    5.35567532e-01
177     -5.33000000e-01    8.78859708e-01    5.34618568e-01
178     -5.32000000e-01    8.79779557e-01    5.33671123e-01
179     -5.31000000e-01    8.80696924e-01    5.32725235e-01
180     -5.30000000e-01    8.81611743e-01    5.31780943e-01
181     -5.29000000e-01    8.82523949e-01    5.30838286e-01
182     -5.28000000e-01    8.83433474e-01    5.29897303e-01
183     -5.27000000e-01    8.84340250e-01    5.28958037e-01
184     -5.26000000e-01    8.85244208e-01    5.28020526e-01
185     -5.25000000e-01    8.86145277e-01    5.27084814e-01
186     -5.24000000e-01    8.87043385e-01    5.26150941e-01
187     -5.23000000e-01    8.87938460e-01    5.25218952e-01
188     -5.22000000e-01    8.88830428e-01    5.24288888e-01
189     -5.21000000e-01    8.89719215e-01    5.23360794e-01
190     -5.20000000e-01    8.90604744e-01    5.22434713e-01
191     -5.19000000e-01    8.91486940e-01    5.21510691e-01
192     -5.18000000e-01    8.92365723e-01    5.20588773e-01
193     -5.17000000e-01    8.93241017e-01    5.19669003e-01
194     -5.16000000e-01    8.94112741e-01    5.18751427e-01
195     -5.15000000e-01    8.94980815e-01    5.17836093e-01
196     -5.14000000e-01    8.95845159e-01    5.16923047e-01
197     -5.13000000e-01    8.96705690e-01    5.16012334e-01
198     -5.12000000e-01    8.97562326e-01    5.15104004e-01
199     -5.11000000e-01    8.98414983e-01    5.14198103e-01
200     -5.10000000e-01    8.99263578e-01    5.13294679e-01
201     -5.09000000e-01    9.00108027e-01    5.12393781e-01
202     -5.08000000e-01    9.00948243e-01    5.11495456e-01
203     -5.07000000e-01    9.01784143e-01    5.10599754e-01
204     -5.06000000e-01    9.02615639e-01    5.09706722e-01
205     -5.05000000e-01    9.03442645e-01    5.08816410e-01
206     -5.04000000e-01    9.04265075e-01    5.07928867e-01
207     -5.03000000e-01    9.05082842e-01    5.07044142e-01
208     -5.02000000e-01    9.05895858e-01    5.06162284e-01
209     -5.01000000e-01    9.06704036e-01    5.05283342e-01
210     -5.00000000e-01    9.07507290e-01    5.04407366e-01
211     -4.99000000e-01    9.08305530e-01    5.03534405e-01
212     -4.98000000e-01    9.09098670e-01    5.02664508e-01
213     -4.97000000e-01    9.09886623e-01    5.01797724e-01
214     -4.96000000e-01    9.10669300e-01    5.00934102e-01
215     -4.95000000e-01    9.11446616e-01    5.00073692e-01
216     -4.94000000e-01    9.12218484e-01    4.99216542e-01
217     -4.93000000e-01    9.12984816e-01    4.98362702e-01
218     -4.92000000e-01    9.13745528e-01    4.97512219e-01
219     -4.91000000e-01    9.14500534e-01    4.96665142e-01
220     -4.90000000e-01    9.15249749e-01    4.95821521e-01
221     -4.89000000e-01    9.15993088e-01    4.94981401e-01
222     -4.88000000e-01    9.16730469e-01    4.94144833e-01
223     -4.87000000e-01    9.17461808e-01    4.93311862e-01
224     -4.86000000e-01    9.18187024e-01    4.92482537e-01
225     -4.85000000e-01    9.18906034e-01    4.91656904e-01
226     -4.84000000e-01    9.19618760e-01    4.90835011e-01
227     -4.83000000e-01    9.20325122e-01    4.90016903e-01
228     -4.82000000e-01    9.21025042e-01    4.89202628e-01
229     -4.81000000e-01    9.21718442e-01    4.88392230e-01
230     -4.80000000e-01    9.22405248e-01    4.87585755e-01
231     -4.79000000e-01    9.23085384e-01    4.86783249e-01
232     -4.78000000e-01    9.23758777e-01    4.85984756e-01
233     -4.77000000e-01    9.24425355e-01    4.85190321e-01
234     -4.76000000e-01    9.25085047e-01    4.84399987e-01
235     -4.75000000e-01    9.25737784e-01    4.83613799e-01
236     -4.74000000e-01    9.26383499e-01    4.82831801e-01
237     -4.73000000e-01    9.27022125e-01    4.82054034e-01
238     -4.72000000e-01    9.27653597e-01    4.81280542e-01
239     -4.71000000e-01    9.28277853e-01    4.80511367e-01
240     -4.70000000e-01    9.28894829e-01    4.79746551e-01
241     -4.69000000e-01    9.29504468e-01    4.78986137e-01
242     -4.68000000e-01    9.30106709e-01    4.78230164e-01
243     -4.67000000e-01    9.30701497e-01    4.77478674e-01
244     -4.66000000e-01    9.31288776e-01    4.76731708e-01
245     -4.65000000e-01    9.31868493e-01    4.75989306e-01
246     -4.64000000e-01    9.32440597e-01    4.75251508e-01
247     -4.63000000e-01    9.33005038e-01    4.74518353e-01
248     -4.62000000e-01    9.33561767e-01    4.73789882e-01
249     -4.61000000e-01    9.34110738e-01    4.73066133e-01
250     -4.60000000e-01    9.34651907e-01    4.72347145e-01
251     -4.59000000e-01    9.35185230e-01    4.71632958e-01
252     -4.58000000e-01    9.35710667e-01    4.70923608e-01
253     -4.57000000e-01    9.36228178e-01    4.70219135e-01
254     -4.56000000e-01    9.36737726e-01    4.69519577e-01
255     -4.55000000e-01    9.37239274e-01    4.68824971e-01
256     -4.54000000e-01    9.37732788e-01    4.68135355e-01
257     -4.53000000e-01    9.38218236e-01    4.67450766e-01
258     -4.52000000e-01    9.38695587e-01    4.66771242e-01
259     -4.51000000e-01    9.39164812e-01    4.66096821e-01
260     -4.50000000e-01    9.39625882e-01    4.65427538e-01
261     -4.49000000e-01    9.40078773e-01    4.64763432e-01
262     -4.48000000e-01    9.40523460e-01    4.64104540e-01
263     -4.47000000e-01    9.40959939e-01    4.63450898e-01
264     -4.46000000e-01    9.41388232e-01    4.62802543e-01
265     -4.45000000e-01    9.41808322e-01    4.62159513e-01
266     -4.44000000e-01    9.42220192e-01    4.61521844e-01
267     -4.43000000e-01    9.42623826e-01    4.60889573e-01
268     -4.42000000e-01    9.43019211e-01    4.60262738e-01
269     -4.41000000e-01    9.43406333e-01    4.59641376e-01
270     -4.40000000e-01    9.43785181e-01    4.59025524e-01
271     -4.39000000e-01    9.44155745e-01    4.58415219e-01
272     -4.38000000e-01    9.44518016e-01    4.57810499e-01
273     -4.37000000e-01    9.44871987e-01    4.57211402e-01
274     -4.36000000e-01    9.45217652e-01    4.56617965e-01
275     -4.35000000e-01    9.45555004e-01    4.56030228e-01
276     -4.34000000e-01    9.45884039e-01    4.55448227e-01
277     -4.33000000e-01    9.46204756e-01    4.54872002e-01
278     -4.32000000e-01    9.46517151e-01    4.54301591e-01
279     -4.31000000e-01    9.46821224e-01    4.53737033e-01
280     -4.30000000e-01    9.47116976e-01    4.53178368e-01
281     -4.29000000e-01    9.47404406e-01    4.52625636e-01
282     -4.28000000e-01    9.47683517e-01    4.52078875e-01
283     -4.27000000e-01    9.47954313e-01    4.51538128e-01
284     -4.26000000e-01    9.48216796e-01    4.51003433e-01
285     -4.25000000e-01    9.48470972e-01    4.50474833e-01
286     -4.24000000e-01    9.48716846e-01    4.49952368e-01
287     -4.23000000e-01    9.48954424e-01    4.49436081e-01
288     -4.22000000e-01    9.49183713e-01    4.48926012e-01
289     -4.21000000e-01    9.49404722e-01    4.48422206e-01
290     -4.20000000e-01    9.49617458e-01    4.47924704e-01
291     -4.19000000e-01    9.49821932e-01    4.47433551e-01
292     -4.18000000e-01    9.50018152e-01    4.46948790e-01
293     -4.17000000e-01    9.50206129e-01    4.46470465e-01
294     -4.16000000e-01    9.50385875e-01    4.45998621e-01
295     -4.15000000e-01    9.50557401e-01    4.45533303e-01
296     -4.14000000e-01    9.50720720e-01    4.45074556e-01
297     -4.13000000e-01    9.50875844e-01    4.44622428e-01
298     -4.12000000e-01    9.51022786e-01    4.44176964e-01
299     -4.11000000e-01    9.51161561e-01    4.43738211e-01
300     -4.10000000e-01    9.51292182e-01    4.43306218e-01
301     -4.09000000e-01    9.51414665e-01    4.42881031e-01
302     -4.08000000e-01    9.51529025e-01    4.42462700e-01
303     -4.07000000e-01    9.51635277e-01    4.42051273e-01
304     -4.06000000e-01    9.51733438e-01    4.41646801e-01
305     -4.05000000e-01    9.51823524e-01    4.41249332e-01
306     -4.04000000e-01    9.51905551e-01    4.40858917e-01
307     -4.03000000e-01    9.51979537e-01    4.40475607e-01
308     -4.02000000e-01    9.52045500e-01    4.40099454e-01
309     -4.01000000e-01    9.52103457e-01    4.39730509e-01
310     -4.00000000e-01    9.52153427e-01    4.39368825e-01
311     -3.99000000e-01    9.52195428e-01    4.39014454e-01
312     -3.98000000e-01    9.52229478e-01    4.38667449e-01
313     -3.97000000e-01    9.52255597e-01    4.38327865e-01
314     -3.96000000e-01    9.52273805e-01    4.37995754e-01
315     -3.95000000e-01    9.52284120e-01    4.37671173e-01
316     -3.94000000e-01    9.52286562e-01    4.37354175e-01
317     -3.93000000e-01    9.52281153e-01    4.37044815e-01
318     -3.92000000e-01    9.52267911e-01    4.36743150e-01
319     -3.91000000e-01    9.52246857e-01    4.36449235e-01
320     -3.90000000e-01    9.52218013e-01    4.36163127e-01
321     -3.89000000e-01    9.52181399e-01    4.35884882e-01
322     -3.88000000e-01    9.52137035e-01    4.35614557e-01
323     -3.87000000e-01    9.52084945e-01    4.35352210e-01
324     -3.86000000e-01    9.52025148e-01    4.35097898e-01
325     -3.85000000e-01    9.51957667e-01    4.34851679e-01
326     -3.84000000e-01    9.51882523e-01    4.34613611e-01
327     -3.83000000e-01    9.51799739e-01    4.34383751e-01
328     -3.82000000e-01    9.51709336e-01    4.34162160e-01
329     -3.81000000e-01    9.51611338e-01    4.33948894e-01
330     -3.80000000e-01    9.51505766e-01    4.33744014e-01
331     -3.79000000e-01    9.51392643e-01    4.33547577e-01
332     -3.78000000e-01    9.51271992e-01    4.33359642e-01
333     -3.77000000e-01    9.51143836e-01    4.33180269e-01
334     -3.76000000e-01    9.51008198e-01    4.33009516e-01
335     -3.75000000e-01    9.50865101e-01    4.32847443e-01
336     -3.74000000e-01    9.50714569e-01    4.32694108e-01
337     -3.73000000e-01    9.50556625e-01    4.32549569e-01
338     -3.72000000e-01    9.50391293e-01    4.32413887e-01
339     -3.71000000e-01    9.50218596e-01    4.32287119e-01
340     -3.70000000e-01    9.50038559e-01    4.32169323e-01
341     -3.69000000e-01    9.49851205e-01    4.32060559e-01
342     -3.68000000e-01    9.49656560e-01    4.31960882e-01
343     -3.67000000e-01    9.49454646e-01    4.31870352e-01
344     -3.66000000e-01    9.49245490e-01    4.31789025e-01
345     -3.65000000e-01    9.49029115e-01    4.31716958e-01
346     -3.64000000e-01    9.48805546e-01    4.31654207e-01
347     -3.63000000e-01    9.48574808e-01    4.31600828e-01
348     -3.62000000e-01    9.48336927e-01    4.31556876e-01
349     -3.61000000e-01    9.48091928e-01    4.31522406e-01
350     -3.60000000e-01    9.47839836e-01    4.31497471e-01
351     -3.59000000e-01    9.47580677e-01    4.31482126e-01
352     -3.58000000e-01    9.47314477e-01    4.31476422e-01
353     -3.57000000e-01    9.47041262e-01    4.31480410e-01
354     -3.56000000e-01    9.46761059e-01    4.31494142e-01
355     -3.55000000e-01    9.46473893e-01    4.31517667e-01
356     -3.54000000e-01    9.46179791e-01    4.31551034e-01
357     -3.53000000e-01    9.45878781e-01    4.31594290e-01
358     -3.52000000e-01    9.45570890e-01    4.31647480e-01
359     -3.51000000e-01    9.45256145e-01    4.31710652e-01
360     -3.50000000e-01    9.44934573e-01    4.31783846e-01
361     -3.49000000e-01    9.44606203e-01    4.31867107e-01
362     -3.48000000e-01    9.44271064e-01    4.31960474e-01
363     -3.47000000e-01    9.43929183e-01    4.32063986e-01
364     -3.46000000e-01    9.43580589e-01    4.32177679e-01
365     -3.45000000e-01    9.43225313e-01    4.32301591e-01
366     -3.44000000e-01    9.42863383e-01    4.32435752e-01
367     -3.43000000e-01    9.42494829e-01    4.32580196e-01
368     -3.42000000e-01    9.42119683e-01    4.32734950e-01
369     -3.41000000e-01    9.41737975e-01    4.32900041e-01
370     -3.40000000e-01    9.41349736e-01    4.33075493e-01
371     -3.39000000e-01    9.40954998e-01    4.33261328e-01
372     -3.38000000e-01    9.40553793e-01    4.33457564e-01
373     -3.37000000e-01    9.40146155e-01    4.33664218e-01
374     -3.36000000e-01    9.39732116e-01    4.33881302e-01
375     -3.35000000e-01    9.39311710e-01    4.34108826e-01
376     -3.34000000e-01    9.38884973e-01    4.34346796e-01
377     -3.33000000e-01    9.38451939e-01    4.34595216e-01
378     -3.32000000e-01    9.38012644e-01    4.34854084e-01
379     -3.31000000e-01    9.37567125e-01    4.35123395e-01
380     -3.30000000e-01    9.37115419e-01    4.35403143e-01
381     -3.29000000e-01    9.36657564e-01    4.35693313e-01
382     -3.28000000e-01    9.36193599e-01    4.35993888e-01
383     -3.27000000e-01    9.35723564e-01    4.36304848e-01
384     -3.26000000e-01    9.35247500e-01    4.36626167e-01
385     -3.25000000e-01    9.34765447e-01    4.36957812e-01
386     -3.24000000e-01    9.34277448e-01    4.37299750e-01
387     -3.23000000e-01    9.33783548e-01    4.37651938e-01
388     -3.22000000e-01    9.33283789e-01    4.38014330e-01
389     -3.21000000e-01    9.32778218e-01    4.38386876e-01
390     -3.20000000e-01    9.32266881e-01    4.38769519e-01
391     -3.19000000e-01    9.31749825e-01    4.39162195e-01
392     -3.18000000e-01    9.31227100e-01    4.39564836e-01
393     -3.17000000e-01    9.30698754e-01    4.39977370e-01
394     -3.16000000e-01    9.30164840e-01    4.40399715e-01
395     -3.15000000e-01    9.29625409e-01    4.40831787e-01
396     -3.14000000e-01    9.29080515e-01    4.41273494e-01
397     -3.13000000e-01    9.28530211e-01    4.41724739e-01
398     -3.12000000e-01    9.27974555e-01    4.42185418e-01
399     -3.11000000e-01    9.27413603e-01    4.42655424e-01
400     -3.10000000e-01    9.26847413e-01    4.43134641e-01
401     -3.09000000e-01    9.26276045e-01    4.43622949e-01
402     -3.08000000e-01    9.25699559e-01    4.44120224e-01
403     -3.07000000e-01    9.25118018e-01    4.44626334e-01
404     -3.06000000e-01    9.24531484e-01    4.45141144e-01
405     -3.05000000e-01    9.23940022e-01    4.45664513e-01
406     -3.04000000e-01    9.23343697e-01    4.46196297e-01
407     -3.03000000e-01    9.22742576e-01    4.46736346e-01
408     -3.02000000e-01    9.22136726e-01    4.47284507e-01
409     -3.01000000e-01    9.21526216e-01    4.47840623e-01
410     -3.00000000e-01    9.20911115e-01    4.48404533e-01
411     -2.99000000e-01    9.20291494e-01    4.48976076e-01
412     -2.98000000e-01    9.19667424e-01    4.49555084e-01
413     -2.97000000e-01    9.19038978e-01    4.50141391e-01
414     -2.96000000e-01    9.18406227e-01    4.50734826e-01
415     -2.95000000e-01    9.17769247e-01    4.51335218e-01
416     -2.94000000e-01    9.17128110e-01    4.51942395e-01
417     -2.93000000e-01    9.16482891e-01    4.52556185e-01
418     -2.92000000e-01    9.15833666e-01    4.53176413e-01
419     -2.91000000e-01    9.15180509e-01    4.53802907e-01
420     -2.90000000e-01    9.14523496e-01    4.54435494e-01
421     -2.89000000e-01    9.13862704e-01    4.55074003e-01
422     -2.88000000e-01    9.13198207e-01    4.55718263e-01
423     -2.87000000e-01    9.12530081e-01    4.56368105e-01
424     -2.86000000e-01    9.11858403e-01    4.57023362e-01
425     -2.85000000e-01    9.11183247e-01    4.57683868e-01
426     -2.84000000e-01    9.10504689e-01    4.58349460e-01
427     -2.83000000e-01    9.09822804e-01    4.59019978e-01
428     -2.82000000e-01    9.09137666e-01    4.59695264e-01
429     -2.81000000e-01    9.08449348e-01    4.60375164e-01
430     -2.80000000e-01    9.07757925e-01    4.61059526e-01
431     -2.79000000e-01    9.07063469e-01    4.61748202e-01
432     -2.78000000e-01    9.06366051e-01    4.62441046e-01
433     -2.77000000e-01    9.05665743e-01    4.63137917e-01
434     -2.76000000e-01    9.04962615e-01    4.63838678e-01
435     -2.75000000e-01    9.04256737e-01    4.64543193e-01
436     -2.74000000e-01    9.03548176e-01    4.65251333e-01
437     -2.73000000e-01    9.02836999e-01    4.65962971e-01
438     -2.72000000e-01    9.02123274e-01    4.66677983e-01
439     -2.71000000e-01    9.01407065e-01    4.67396250e-01
440     -2.70000000e-01    9.00688435e-01    4.68117657e-01
441     -2.69000000e-01    8.99967449e-01    4.68842091e-01
442     -2.68000000e-01    8.99244167e-01    4.69569445e-01
443     -2.67000000e-01    8.98518650e-01    4.70299613e-01
444     -2.66000000e-01    8.97790957e-01    4.71032494e-01
445     -2.65000000e-01    8.97061146e-01    4.71767990e-01
446     -2.64000000e-01    8.96329273e-01    4.72506008e-01
447     -2.63000000e-01    8.95595394e-01    4.73246457e-01
448     -2.62000000e-01    8.94859563e-01    4.73989248e-01
449     -2.61000000e-01    8.94121832e-01    4.74734298e-01
450     -2.60000000e-01    8.93382254e-01    4.75481525e-01
451     -2.59000000e-01    8.92640878e-01    4.76230851e-01
452     -2.58000000e-01    8.91897753e-01    4.76982201e-01
453     -2.57000000e-01    8.91152927e-01    4.77735501e-01
454     -2.56000000e-01    8.90406447e-01    4.78490683e-01
455     -2.55000000e-01    8.89658358e-01    4.79247680e-01
456     -2.54000000e-01    8.88908703e-01    4.80006426e-01
457     -2.53000000e-01    8.88157526e-01    4.80766860e-01
458     -2.52000000e-01    8.87404869e-01    4.81528922e-01
459     -2.51000000e-01    8.86650772e-01    4.82292555e-01
460     -2.50000000e-01    8.85895273e-01    4.83057704e-01
461     -2.49000000e-01    8.85138413e-01    4.83824317e-01
462     -2.48000000e-01    8.84380226e-01    4.84592341e-01
463     -2.47000000e-01    8.83620751e-01    4.85361729e-01
464     -2.46000000e-01    8.82860022e-01    4.86132434e-01
465     -2.45000000e-01    8.82098072e-01    4.86904410e-01
466     -2.44000000e-01    8.81334935e-01    4.87677615e-01
467     -2.43000000e-01    8.80570643e-01    4.88452006e-01
468     -2.42000000e-01    8.79805227e-01    4.89227544e-01
469     -2.41000000e-01    8.79038718e-01    4.90004190e-01
470     -2.40000000e-01    8.78271143e-01    4.90781907e-01
471     -2.39000000e-01    8.77502533e-01    4.91560660e-01
472     -2.38000000e-01    8.76732914e-01    4.92340415e-01
473     -2.37000000e-01    8.75962313e-01    4.93121139e-01
474     -2.36000000e-01    8.75190756e-01    4.93902800e-01
475     -2.35000000e-01    8.74418268e-01    4.94685369e-01
476     -2.34000000e-01    8.73644874e-01    4.95468815e-01
477     -2.33000000e-01    8.72870596e-01    4.96253111e-01
478     -2.32000000e-01    8.72095459e-01    4.97038231e-01
479     -2.31000000e-01    8.71319484e-01    4.97824147e-01
480     -2.30000000e-01    8.70542692e-01    4.98610836e-01
481     -2.29000000e-01    8.69765105e-01    4.99398272e-01
482     -2.28000000e-01    8.68986743e-01    5.00186434e-01
483     -2.27000000e-01    8.68207625e-01    5.00975298e-01
484     -2.26000000e-01    8.67427771e-01    5.01764844e-01
485     -2.25000000e-01    8.66647199e-01    5.02555050e-01
486     -2.24000000e-01    8.65865927e-01    5.03345897e-01
487     -2.23000000e-01    8.65083972e-01    5.04137366e-01
488     -2.22000000e-01    8.64301351e-01    5.04929437e-01
489     -2.21000000e-01    8.63518080e-01    5.05722094e-01
490     -2.20000000e-01    8.62734176e-01    5.06515320e-01
491     -2.19000000e-01    8.61949653e-01    5.07309096e-01
492     -2.18000000e-01    8.61164527e-01    5.08103409e-01
493     -2.17000000e-01    8.60378812e-01    5.08898242e-01
494     -2.16000000e-01    8.59592523e-01    5.09693580e-01
495     -2.15000000e-01    8.58805672e-01    5.10489410e-01
496     -2.14000000e-01    8.58018273e-01    5.11285717e-01
497     -2.13000000e-01    8.57230339e-01    5.12082487e-01
498     -2.12000000e-01    8.56441882e-01    5.12879709e-01
499     -2.11000000e-01    8.55652915e-01    5.13677370e-01
500     -2.10000000e-01    8.54863449e-01    5.14475457e-01
501     -2.09000000e-01    8.54073496e-01    5.15273959e-01
502     -2.08000000e-01    8.53283067e-01    5.16072865e-01
503     -2.07000000e-01    8.52492172e-01    5.16872164e-01
504     -2.06000000e-01    8.51700822e-01    5.17671845e-01
505     -2.05000000e-01    8.50909028e-01    5.18471898e-01
506     -2.04000000e-01    8.50116799e-01    5.19272314e-01
507     -2.03000000e-01    8.49324144e-01    5.20073083e-01
508     -2.02000000e-01    8.48531073e-01    5.20874195e-01
509     -2.01000000e-01    8.47737596e-01    5.21675643e-01
510     -2.00000000e-01    8.46943721e-01    5.22477416e-01
511     -1.99000000e-01    8.46149456e-01    5.23279508e-01
512     -1.98000000e-01    8.45354811e-01    5.24081909e-01
513     -1.97000000e-01    8.44559792e-01    5.24884612e-01
514     -1.96000000e-01    8.43764409e-01    5.25687610e-01
515     -1.95000000e-01    8.42968668e-01    5.26490894e-01
516     -1.94000000e-01    8.42172577e-01    5.27294459e-01
517     -1.93000000e-01    8.41376144e-01    5.28098296e-01
518     -1.92000000e-01    8.40579376e-01    5.28902400e-01
519     -1.91000000e-01    8.39782279e-01    5.29706764e-01
520     -1.90000000e-01    8.38984860e-01    5.30511381e-01
521     -1.89000000e-01    8.38187126e-01    5.31316245e-01
522     -1.88000000e-01    8.37389083e-01    5.32121351e-01
523     -1.87000000e-01    8.36590738e-01    5.32926693e-01
524     -1.86000000e-01    8.35792096e-01    5.33732265e-01
525     -1.85000000e-01    8.34993163e-01    5.34538061e-01
526     -1.84000000e-01    8.34193945e-01    5.35344077e-01
527     -1.83000000e-01    8.33394448e-01    5.36150307e-01
528     -1.82000000e-01    8.32594677e-01    5.36956746e-01
529     -1.81000000e-01    8.31794638e-01    5.37763390e-01
530     -1.80000000e-01    8.30994335e-01    5.38570233e-01
531     -1.79000000e-01    8.30193774e-01    5.39377272e-01
532     -1.78000000e-01    8.29392960e-01    5.40184501e-01
533     -1.77000000e-01    8.28591897e-01    5.40991917e-01
534     -1.76000000e-01    8.27790590e-01    5.41799515e-01
535     -1.75000000e-01    8.26989044e-01    5.42607291e-01
536     -1.74000000e-01    8.26187264e-01    5.43415241e-01
537     -1.73000000e-01    8.25385252e-01    5.44223361e-01
538     -1.72000000e-01    8.24583015e-01    5.45031648e-01
539     -1.71000000e-01    8.23780556e-01    5.45840097e-01
540     -1.70000000e-01    8.22977878e-01    5.46648706e-01
541     -1.69000000e-01    8.22174987e-01    5.47457470e-01
542     -1.68000000e-01    8.21371886e-01    5.48266387e-01
543     -1.67000000e-01    8.20568578e-01    5.49075452e-01
544     -1.66000000e-01    8.19765068e-01    5.49884664e-01
545     -1.65000000e-01    8.18961359e-01    5.50694018e-01
546     -1.64000000e-01    8.18157454e-01    5.51503511e-01
547     -1.63000000e-01    8.17353357e-01    5.52313142e-01
548     -1.62000000e-01    8.16549072e-01    5.53122905e-01
549     -1.61000000e-01    8.15744601e-01    5.53932800e-01
550     -1.60000000e-01    8.14939948e-01    5.54742823e-01
551     -1.59000000e-01    8.14135117e-01    5.55552971e-01
552     -1.58000000e-01    8.13330109e-01    5.56363242e-01
553     -1.57000000e-01    8.12524928e-01    5.57173633e-01
554     -1.56000000e-01    8.11719578e-01    5.57984141e-01
555     -1.55000000e-01    8.10914060e-01    5.58794765e-01
556     -1.54000000e-01    8.10108378e-01    5.59605502e-01
557     -1.53000000e-01    8.09302535e-01    5.60416349e-01
558     -1.52000000e-01    8.08496533e-01    5.61227304e-01
559     -1.51000000e-01    8.07690375e-01    5.62038365e-01
560     -1.50000000e-01    8.06884063e-01    5.62849530e-01
561     -1.49000000e-01    8.06077601e-01    5.63660797e-01
562     -1.48000000e-01    8.05270990e-01    5.64472163e-01
563     -1.47000000e-01    8.04464232e-01    5.65283626e-01
564     -1.46000000e-01    8.03657331e-01    5.66095185e-01
565     -1.45000000e-01    8.02850289e-01    5.66906838e-01
566     -1.44000000e-01    8.02043108e-01    5.67718582e-01
567     -1.43000000e-01    8.01235789e-01    5.68530416e-01
568     -1.42000000e-01    8.00428337e-01    5.69342339e-01
569     -1.41000000e-01    7.99620751e-01    5.70154347e-01
570     -1.40000000e-01    7.98813035e-01    5.70966440e-01
571     -1.39000000e-01    7.98005191e-01    5.71778615e-01
572     -1.38000000e-01    7.97197221e-01    5.72590872e-01
573     -1.37000000e-01    7.96389126e-01    5.73403208e-01
574     -1.36000000e-01    7.95580909e-01    5.74215622e-01
575     -1.35000000e-01    7.94772571e-01    5.75028113e-01
576     -1.34000000e-01    7.93964115e-01    5.75840678e-01
577     -1.33000000e-01    7.93155542e-01    5.76653316e-01
578     -1.32000000e-01    7.92346855e-01    5.77466027e-01
579     -1.31000000e-01    7.91538053e-01    5.78278807e-01
580     -1.30000000e-01    7.90729141e-01    5.79091657e-01
581     -1.29000000e-01    7.89920119e-01    5.79904574e-01
582     -1.28000000e-01    7.89110988e-01    5.80717558e-01
583     -1.27000000e-01    7.88301751e-01    5.81530606e-01
584     -1.26000000e-01    7.87492410e-01    5.82343718e-01
585     -1.25000000e-01    7.86682965e-01    5.83156892e-01
586     -1.24000000e-01    7.85873418e-01    5.83970127e-01
587     -1.23000000e-01    7.85063771e-01    5.84783422e-01
588     -1.22000000e-01    7.84254026e-01    5.85596776e-01
589     -1.21000000e-01    7.83444183e-01    5.86410187e-01
590     -1.20000000e-01    7.82634245e-01    5.87223655e-01
591     -1.19000000e-01    7.81824212e-01    5.88037177e-01
592     -1.18000000e-01    7.81014086e-01    5.88850754e-01
593     -1.17000000e-01    7.80203868e-01    5.89664384e-01
594     -1.16000000e-01    7.79393561e-01    5.90478065e-01
595     -1.15000000e-01    7.78583164e-01    5.91291798e-01
596     -1.14000000e-01    7.77772680e-01    5.92105580e-01
597     -1.13000000e-01    7.76962109e-01    5.92919411e-01
598     -1.12000000e-01    7.76151453e-01    5.93733289e-01
599     -1.11000000e-01    7.75340714e-01    5.94547215e-01
600     -1.10000000e-01    7.74529892e-01    5.95361186e-01
601     -1.09000000e-01    7.73718988e-01    5.96175202e-01
602     -1.08000000e-01    7.72908004e-01    5.96989262e-01
603     -1.07000000e-01    7.72096941e-01    5.97803365e-01
604     -1.06000000e-01    7.71285800e-01    5.98617510e-01
605     -1.05000000e-01    7.70474582e-01    5.99431697e-01
606     -1.04000000e-01    7.69663288e-01    6.00245923e-01
607     -1.03000000e-01    7.68851919e-01    6.01060190e-01
608     -1.02000000e-01    7.68040477e-01    6.01874495e-01
609     -1.01000000e-01    7.67228962e-01    6.02688837e-01
610     -1.00000000e-01    7.66417376e-01    6.03503217e-01
611     -9.90000000e-02    7.65605719e-01    6.04317633e-01
612     -9.80000000e-02    7.64793993e-01    6.05132084e-01
613     -9.70000000e-02    7.63982198e-01    6.05946570e-01
614     -9.60000000e-02    7.63170336e-01    6.06761090e-01
615     -9.50000000e-02    7.62358407e-01    6.07575643e-01
616     -9.40000000e-02    7.61546412e-01    6.08390229e-01
617     -9.30000000e-02    7.60734352e-01    6.09204846e-01
618     -9.20000000e-02    7.59922229e-01    6.10019494e-01
619     -9.10000000e-02    7.59110043e-01    6.10834172e-01
620     -9.00000000e-02    7.58297794e-01    6.11648880e-01
621     -8.90000000e-02    7.57485485e-01    6.12463617e-01
622     -8.80000000e-02    7.56673115e-01    6.13278382e-01
623     -8.70000000e-02    7.55860685e-01    6.14093174e-01
624     -8.60000000e-02    7.55048197e-01    6.14907993e-01
625     -8.50000000e-02    7.54235651e-01    6.15722838e-01
626     -8.40000000e-02    7.53423048e-01    6.16537709e-01
627     -8.30000000e-02    7.52610389e-01    6.17352605e-01
628     -8.20000000e-02    7.51797675e-01    6.18167525e-01
629     -8.10000000e-02    7.50984906e-01    6.18982469e-01
630     -8.00000000e-02    7.50172083e-01    6.19797436e-01
631     -7.90000000e-02    7.49359207e-01    6.20612425e-01
632     -7.80000000e-02    7.48546278e-01    6.21427436e-01
633     -7.70000000e-02    7.47733298e-01    6.22242469e-01
634     -7.60000000e-02    7.46920267e-01    6.23057522e-01
635     -7.50000000e-02    7.46107186e-01    6.23872596e-01
636     -7.40000000e-02    7.45294055e-01    6.24687689e-01
637     -7.30000000e-02    7.44480876e-01    6.25502801e-01
638     -7.20000000e-02    7.43667649e-01    6.26317931e-01
639     -7.10000000e-02    7.42854374e-01    6.27133079e-01
640     -7.00000000e-02    7.42041052e-01    6.27948245e-01
641     -6.90000000e-02    7.41227685e-01    6.28763428e-01
642     -6.80000000e-02    7.40414272e-01    6.29578627e-01
643     -6.70000000e-02    7.39600814e-01    6.30393842e-01
644     -6.60000000e-02    7.38787312e-01    6.31209072e-01
645     -6.50000000e-02    7.37973767e-01    6.32024317e-01
646     -6.40000000e-02    7.37160179e-01    6.32839576e-01
647     -6.30000000e-02    7.36346548e-01    6.33654849e-01
648     -6.20000000e-02    7.35532877e-01    6.34470136e-01
649     -6.10000000e-02    7.34719164e-01    6.35285435e-01
650     -6.00000000e-02    7.33905410e-01    6.36100747e-01
651     -5.90000000e-02    7.33091617e-01    6.36916070e-01
652     -5.80000000e-02    7.32277785e-01    6.37731405e-01
653     -5.70000000e-02    7.31463914e-01    6.38546751e-01
654     -5.60000000e-02    7.30650005e-01    6.39362107e-01
655     -5.50000000e-02    7.29836058e-01    6.40177473e-01
656     -5.40000000e-02    7.29022075e-01    6.40992849e-01
657     -5.30000000e-02    7.28208055e-01    6.41808234e-01
658     -5.20000000e-02    7.27393999e-01    6.42623627e-01
659     -5.10000000e-02    7.26579908e-01    6.43439029e-01
660     -5.00000000e-02    7.25765783e-01    6.44254438e-01
661     -4.90000000e-02    7.24951623e-01    6.45069855e-01
662     -4.80000000e-02    7.24137429e-01    6.45885279e-01
663     -4.70000000e-02    7.23323202e-01    6.46700709e-01
664     -4.60000000e-02    7.22508942e-01    6.47516145e-01
665     -4.50000000e-02    7.21694651e-01    6.48331587e-01
666     -4.40000000e-02    7.20880327e-01    6.49147034e-01
667     -4.30000000e-02    7.20065973e-01    6.49962485e-01
668     -4.20000000e-02    7.19251587e-01    6.50777941e-01
669     -4.10000000e-02    7.18437172e-01    6.51593401e-01
670     -4.00000000e-02    7.17622727e-01    6.52408865e-01
671     -3.90000000e-02    7.16808253e-01    6.53224331e-01
672     -3.80000000e-02    7.15993750e-01    6.54039800e-01
673     -3.70000000e-02    7.15179219e-01    6.54855272e-01
674     -3.60000000e-02    7.14364660e-01    6.55670745e-01
675     -3.50000000e-02    7.13550074e-01    6.56486220e-01
676     -3.40000000e-02    7.12735461e-01    6.57301696e-01
677     -3.30000000e-02    7.11920821e-01    6.58117172e-01
678     -3.20000000e-02    7.11106156e-01    6.58932649e-01
679     -3.10000000e-02    7.10291465e-01    6.59748126e-01
680     -3.00000000e-02    7.09476749e-01    6.60563602e-01
681     -2.90000000e-02    7.08662009e-01    6.61379078e-01
682     -2.80000000e-02    7.07847244e-01    6.62194552e-01
683     -2.70000000e-02    7.07032456e-01    6.63010024e-01
684     -2.60000000e-02    7.06217645e-01    6.63825495e-01
685     -2.50000000e-02    7.05402810e-01    6.64640963e-01
686     -2.40000000e-02    7.04587954e-01    6.65456428e-01
687     -2.30000000e-02    7.03773075e-01    6.66271890e-01
688     -2.20000000e-02    7.02958175e-01    6.67087348e-01
689     -2.10000000e-02    7.02143253e-01    6.67902803e-01
690     -2.00000000e-02    7.01328311e-01    6.68718253e-01
691     -1.90000000e-02    7.00513349e-01    6.69533698e-01
692     -1.80000000e-02    6.99698367e-01    6.70349138e-01
693     -1.70000000e-02    6.98883366e-01    6.71164573e-01
694     -1.60000000e-02    6.98068345e-01    6.71980001e-01
695     -1.50000000e-02    6.97253306e-01    6.72795424e-01
696     -1.40000000e-02    6.96438248e-01    6.73610840e-01
697     -1.30000000e-02    6.95623173e-01    6.74426249e-01
698     -1.20000000e-02    6.94808080e-01    6.75241650e-01
699     -1.10000000e-02    6.93992971e-01    6.76057044e-01
700     -1.00000000e-02    6.93177844e-01    6.76872430e-01
701     -9.00000000e-03    6.92362702e-01    6.77687807e-01
702     -8.00000000e-03    6.91547543e-01    6.78503175e-01
703     -7.00000000e-03    6.90732370e-01    6.79318534e-01
704     -6.00000000e-03    6.89917181e-01    6.80133883e-01
705     -5.00000000e-03    6.89101977e-01    6.80949222e-01
706     -4.00000000e-03    6.88286760e-01    6.81764551e-01
707     -3.00000000e-03    6.87471528e-01    6.82579869e-01
708     -2.00000000e-03    6.86656283e-01    6.83395175e-01
709     -1.00000000e-03    6.85841025e-01    6.84210470e-01
710      0.00000000e+00    6.85025754e-01    6.85025754e-01
711      1.00000000e-03    6.84210470e-01    6.85841025e-01
712      2.00000000e-03    6.83395175e-01    6.86656283e-01
713      3.00000000e-03    6.82579869e-01    6.87471528e-01
714      4.00000000e-03    6.81764551e-01    6.88286760e-01
715      5.00000000e-03    6.80949222e-01    6.89101977e-01
716      6.00000000e-03    6.80133883e-01    6.89917181e-01
717      7.00000000e-03    6.79318534e-01    6.90732370e-01
718      8.00000000e-03    6.78503175e-01    6.91547543e-01
719      9.00000000e-03    6.77687807e-01    6.92362702e-01
720      1.00000000e-02    6.76872430e-01    6.93177844e-01
721      1.10000000e-02    6.76057044e-01    6.93992971e-01
722      1.20000000e-02    6.75241650e-01    6.94808080e-01
723      1.30000000e-02    6.74426249e-01    6.95623173e-01
724      1.40000000e-02    6.73610840e-01    6.96438248e-01
725      1.50000000e-02    6.72795424e-01    6.97253306e-01
726      1.60000000e-02    6.71980001e-01    6.98068345e-01
727      1.70000000e-02    6.71164573e-01    6.98883366e-01
728      1.80000000e-02    6.70349138e-01    6.99698367e-01
729      1.90000000e-02    6.69533698e-01    7.00513349e-01
730      2.00000000e-02    6.68718253e-01    7.01328311e-01
731      2.10000000e-02    6.67902803e-01    7.02143253e-01
732      2.20000000e-02    6.67087348e-01    7.02958175e-01
733      2.30000000e-02    6.66271890e-01    7.03773075e-01
734      2.40000000e-02    6.65456428e-01    7.04587954e-01
735      2.50000000e-02    6.64640963e-01    7.05402810e-01
736      2.60000000e-02    6.63825495e-01    7.06217645e-01
737      2.70000000e-02    6.63010024e-01    7.07032456e-01
738      2.80000000e-02    6.62194552e-01    7.07847244e-01
739      2.90000000e-02    6.61379078e-01    7.08662009e-01
740      3.00000000e-02    6.60563602e-01    7.09476749e-01
741      3.10000000e-02    6.59748126e-01    7.10291465e-01
742      3.20000000e-02    6.58932649e-01    7.11106156e-01
743      3.30000000e-02    6.58117172e-01    7.11920821e-01
744      3.40000000e-02    6.57301696e-01    7.12735461e-01
745      3.50000000e-02    6.56486220e-01    7.13550074e-01
746      3.60000000e-02    6.55670745e-01    7.14364660e-01
747      3.70000000e-02    6.54855272e-01    7.15179219e-01
748      3.80000000e-02    6.54039800e-01    7.15993750e-01
749      3.90000000e-02    6.53224331e-01    7.16808253e-01
750      4.00000000e-02    6.52408865e-01    7.17622727e-01
751      4.10000000e-02    6.51593401e-01    7.18437172e-01
752      4.20000000e-02    6.50777941e-01    7.19251587e-01
753      4.30000000e-02    6.49962485e-01    7.20065973e-01
754      4.40000000e-02    6.49147034e-01    7.20880327e-01
755      4.50000000e-02    6.48331587e-01    7.21694651e-01
756      4.60000000e-02    6.47516145e-01    7.22508942e-01
757      4.70000000e-02    6.46700709e-01    7.23323202e-01
758      4.80000000e-02    6.45885279e-01    7.24137429e-01
759      4.90000000e-02    6.45069855e-01    7.24951623e-01
760      5.00000000e-02    6.44254438e-01    7.25765783e-01
761      5.10000000e-02    6.43439029e-01    7.26579908e-01
762      5.20000000e-02    6.42623627e-01    7.27393999e-01
763      5.30000000e-02    6.41808234e-01    7.28208055e-01
764      5.40000000e-02    6.40992849e-01    7.29022075e-01
765      5.50000000e-02    6.40177473e-01    7.29836058e-01
766      5.60000000e-02    6.39362107e-01    7.30650005e-01
767      5.70000000e-02    6.38546751e-01    7.31463914e-01
768      5.80000000e-02    6.37731405e-01    7.32277785e-01
769      5.90000000e-02    6.36916070e-01    7.33091617e-01
770      6.00000000e-02    6.36100747e-01    7.33905410e-01
771      6.10000000e-02    6.35285435e-01    7.34719164e-01
772      6.20000000e-02    6.34470136e-01    7.35532877e-01
773      6.30000000e-02    6.33654849e-01    7.36346548e-01
774      6.40000000e-02    6.32839576e-01    7.37160179e-01
775      6.50000000e-02    6.32024317e-01    7.37973767e-01
776      6.60000000e-02    6.31209072e-01    7.38787312e-01
777      6.70000000e-02    6.30393842e-01    7.39600814e-01
778      6.80000000e-02    6.29578627e-01    7.40414272e-01
779      6.90000000e-02    6.28763428e-01    7.41227685e-01
780      7.00000000e-02    6.27948245e-01    7.42041052e-01
781      7.10000000e-02    6.27133079e-01    7.42854374e-01
782      7.20000000e-02    6.26317931e-01    7.43667649e-01
783      7.30000000e-02    6.25502801e-01    7.44480876e-01
784      7.40000000e-02    6.24687689e-01    7.45294055e-01
785      7.50000000e-02    6.23872596e-01    7.46107186e-01
786      7.60000000e-02    6.23057522e-01    7.46920267e-01
787      7.70000000e-02    6.22242469e-01    7.47733298e-01
788      7.80000000e-02    6.21427436e-01    7.48546278e-01
789      7.90000000e-02    6.20612425e-01    7.49359207e-01
790      8.00000000e-02    6.19797436e-01    7.50172083e-01
791      8.10000000e-02    6.18982469e-01    7.50984906e-01
792      8.20000000e-02    6.18167525e-01    7.51797675e-01
793      8.30000000e-02    6.17352605e-01    7.52610389e-01
794      8.40000000e-02    6.16537709e-01    7.53423048e-01
795      8.50000000e-02    6.15722838e-01    7.54235651e-01
796      8.60000000e-02    6.14907993e-01    7.55048197e-01
797      8.70000000e-02    6.14093174e-01    7.55860685e-01
798      8.80000000e-02    6.13278382e-01    7.56673115e-01
799      8.90000000e-02    6.12463617e-01    7.57485485e-01
800      9.00000000e-02    6.11648880e-01    7.58297794e-01
801      9.10000000e-02    6.10834172e-01    7.59110043e-01
802      9.20000000e-02    6.10019494e-01    7.59922229e-01
803      9.30000000e-02    6.09204846e-01    7.60734352e-01
804      9.40000000e-02    6.08390229e-01    7.61546412e-01
805      9.50000000e-02    6.07575643e-01    7.62358407e-01
806      9.60000000e-02    6.06761090e-01    7.63170336e-01
807      9.70000000e-02    6.05946570e-01    7.63982198e-01
808      9.80000000e-02    6.05132084e-01    7.64793993e-01
809      9.90000000e-02    6.04317633e-01    7.65605719e-01
810      1.00000000e-01    6.03503217e-01    7.66417376e-01
811      1.01000000e-01    6.02688837e-01    7.67228962e-01
812      1.02000000e-01    6.01874495e-01    7.68040477e-01
813      1.03000000e-01    6.01060190e-01    7.68851919e-01
814      1.04000000e-01    6.00245923e-01    7.69663288e-01
815      1.05000000e-01    5.99431697e-01    7.70474582e-01
816      1.06000000e-01    5.98617510e-01    7.71285800e-01
817      1.07000000e-01    5.97803365e-01    7.72096941e-01
818      1.08000000e-01    5.96989262e-01    7.72908004e-01
819      1.09000000e-01    5.96175202e-01    7.73718988e-01
820      1.10000000e-01    5.95361186e-01    7.74529892e-01
821      1.11000000e-01    5.94547215e-01    7.75340714e-01
822      1.12000000e-01    5.93733289e-01    7.76151453e-01
823      1.13000000e-01    5.92919411e-01    7.76962109e-01
824      1.14000000e-01    5.92105580e-01    7.77772680e-01
825      1.15000000e-01    5.91291798e-01    7.78583164e-01
826      1.16000000e-01    5.90478065e-01    7.79393561e-01
827      1.17000000e-01    5.89664384e-01    7.80203868e-01
828      1.18000000e-01    5.88850754e-01    7.81014086e-01
829      1.19000000e-01    5.88037177e-01    7.81824212e-01
830      1.20000000e-01    5.87223655e-01    7.82634245e-01
831      1.21000000e-01    5.86410187e-01    7.83444183e-01
832      1.22000000e-01    5.85596776e-01    7.84254026e-01
833      1.23000000e-01    5.84783422e-01    7.85063771e-01
834      1.24000000e-01    5.83970127e-01    7.85873418e-01
835      1.25000000e-01    5.83156892e-01    7.86682965e-01
836      1.26000000e-01    5.82343718e-01    7.87492410e-01
837      1.27000000e-01    5.81530606e-01    7.88301751e-01
838      1.28000000e-01    5.80717558e-01    7.89110988e-01
839      1.29000000e-01    5.79904574e-01    7.89920119e-01
840      1.30000000e-01    5.79091657e-01    7.90729141e-01
841      1.31000000e-01    5.78278807e-01    7.91538053e-01
842      1.32000000e-01    5.77466027e-01    7.92346855e-01
843      1.33000000e-01    5.76653316e-01    7.93155542e-01
844      1.34000000e-01    5.75840678e-01    7.93964115e-01
845      1.35000000e-01    5.75028113e-01    7.94772571e-01
846      1.36000000e-01    5.74215622e-01    7.95580909e-01
847      1.37000000e-01    5.73403208e-01    7.96389126e-01
848      1.38000000e-01    5.72590872e-01    7.97197221e-01
849      1.39000000e-01    5.71778615e-01    7.98005191e-01
850      1.40000000e-01    5.70966440e-01    7.98813035e-01
851      1.41000000e-01    5.70154347e-01    7.99620751e-01
852      1.42000000e-01    5.69342339e-01    8.00428337e-01
853      1.43000000e-01    5.68530416e-01    8.01235789e-01
854      1.44000000e-01    5.67718582e-01    8.02043108e-01
855      1.45000000e-01    5.66906838e-01    8.02850289e-01
856      1.46000000e-01    5.66095185e-01    8.03657331e-01
857      1.47000000e-01    5.65283626e-01    8.04464232e-01
858      1.48000000e-01    5.64472163e-01    8.05270990e-01
859      1.49000000e-01    5.63660797e-01    8.06077601e-01
860      1.50000000e-01    5.62849530e-01    8.06884063e-01
861      1.51000000e-01    5.62038365e-01    8.07690375e-01
862      1.52000000e-01    5.61227304e-01    8.08496533e-01
863      1.53000000e-01    5.60416349e-01    8.09302535e-01
864      1.54000000e-01    5.59605502e-01    8.10108378e-01
865      1.55000000e-01    5.58794765e-01    8.10914060e-01
866      1.56000000e-01    5.57984141e-01    8.11719578e-01
867      1.57000000e-01    5.57173633e-01    8.12524928e-01
868      1.58000000e-01    5.56363242e-01    8.13330109e-01
869      1.59000000e-01    5.55552971e-01    8.14135117e-01
870      1.60000000e-01    5.54742823e-01    8.14939948e-01
871      1.61000000e-01    5.53932800e-01    8.15744601e-01
872      1.62000000e-01    5.53122905e-01    8.16549072e-01
873      1.63000000e-01    5.52313142e-01    8.17353357e-01
874      1.64000000e-01    5.51503511e-01    8.18157454e-01
875      1.65000000e-01    5.50694018e-01    8.18961359e-01
876      1.66000000e-01    5.49884664e-01    8.19765068e-01
877      1.67000000e-01    5.49075452e-01    8.20568578e-01
878      1.68000000e-01    5.48266387e-01    8.21371886e-01
879      1.69000000e-01    5.47457470e-01    8.22174987e-01
880      1.70000000e-01    5.46648706e-01    8.22977878e-01
881      1.71000000e-01    5.45840097e-01    8.23780556e-01
882      1.72000000e-01    5.45031648e-01    8.24583015e-01
883      1.73000000e-01    5.44223361e-01    8.25385252e-01
884      1.74000000e-01    5.43415241e-01    8.26187264e-01
885      1.75000000e-01    5.42607291e-01    8.26989044e-01
886      1.76000000e-01    5.41799515e-01    8.27790590e-01
887      1.77000000e-01    5.40991917e-01    8.28591897e-01
888      1.78000000e-01    5.40184501e-01    8.29392960e-01
889      1.79000000e-01    5.39377272e-01    8.30193774e-01
890      1.80000000e-01    5.38570233e-01    8.30994335e-01
891      1.81000000e-01    5.37763390e-01    8.31794638e-01
892      1.82000000e-01    5.36956746e-01    8.32594677e-01
893      1.83000000e-01    5.36150307e-01    8.33394448e-01
894      1.84000000e-01    5.35344077e-01    8.34193945e-01
895      1.85000000e-01    5.34538061e-01    8.34993163e-01
896      1.86000000e-01    5.33732265e-01    8.35792096e-01
897      1.87000000e-01    5.32926693e-01    8.36590738e-01
898      1.88000000e-01    5.32121351e-01    8.37389083e-01
899      1.89000000e-01    5.31316245e-01    8.38187126e-01
900      1.90000000e-01    5.30511381e-01    8.38984860e-01
901      1.91000000e-01    5.29706764e-01    8.39782279e-01
902      1.92000000e-01    5.28902400e-01    8.40579376e-01
903      1.93000000e-01    5.28098296e-01    8.41376144e-01
904      1.94000000e-01    5.27294459e-01    8.42172577e-01
905      1.95000000e-01    5.26490894e-01    8.42968668e-01
906      1.96000000e-01    5.25687610e-01    8.43764409e-01
907      1.97000000e-01    5.24884612e-01    8.44559792e-01
908      1.98000000e-01    5.24081909e-01    8.45354811e-01
909      1.99000000e-01    5.23279508e-01    8.46149456e-01
910      2.00000000e-01    5.22477416e-01    8.46943721e-01
911      2.01000000e-01    5.21675643e-01    8.47737596e-01
912      2.02000000e-01    5.20874195e-01    8.48531073e-01
913      2.03000000e-01    5.20073083e-01    8.49324144e-01
914      2.04000000e-01    5.19272314e-01    8.50116799e-01
915      2.05000000e-01    5.18471898e-01    8.50909028e-01
916      2.06000000e-01    5.17671845e-01    8.51700822e-01
917      2.07000000e-01    5.16872164e-01    8.52492172e-01
918      2.08000000e-01    5.16072865e-01    8.53283067e-01
919      2.09000000e-01    5.15273959e-01    8.54073496e-01
920      2.10000000e-01    5.14475457e-01    8.54863449e-01
921      2.11000000e-01    5.13677370e-01    8.55652915e-01
922      2.12000000e-01    5.12879709e-01    8.56441882e-01
923      2.13000000e-01    5.12082487e-01    8.57230339e-01
924      2.14000000e-01    5.11285717e-01    8.58018273e-01
925      2.15000000e-01    5.10489410e-01    8.58805672e-01
926      2.16000000e-01    5.09693580e-01    8.59592523e-01
927      2.17000000e-01    5.08898242e-01    8.60378812e-01
928      2.18000000e-01    5.08103409e-01    8.61164527e-01
929      2.19000000e-01    5.07309096e-01    8.61949653e-01
930      2.20000000e-01    5.06515320e-01    8.62734176e-01
931      2.21000000e-01    5.05722094e-01    8.63518080e-01
932      2.22000000e-01    5.04929437e-01    8.64301351e-01
933      2.23000000e-01    5.04137366e-01    8.65083972e-01
934      2.24000000e-01    5.03345897e-01    8.65865927e-01
935      2.25000000e-01    5.02555050e-01    8.66647199e-01
936      2.26000000e-01    5.01764844e-01    8.67427771e-01
937      2.27000000e-01    5.00975298e-01    8.68207625e-01
938      2.28000000e-01    5.00186434e-01    8.68986743e-01
939      2.29000000e-01    4.99398272e-01    8.69765105e-01
940      2.30000000e-01    4.98610836e-01    8.70542692e-01
941      2.31000000e-01    4.97824147e-01    8.71319484e-01
942      2.32000000e-01    4.97038231e-01    8.72095459e-01
943      2.33000000e-01    4.96253111e-01    8.72870596e-01
944      2.34000000e-01    4.95468815e-01    8.73644874e-01
945      2.35000000e-01    4.94685369e-01    8.74418268e-01
946      2.36000000e-01    4.93902800e-01    8.75190756e-01
947      2.37000000e-01    4.93121139e-01    8.75962313e-01
948      2.38000000e-01    4.92340415e-01    8.76732914e-01
949      2.39000000e-01    4.91560660e-01    8.77502533e-01
950      2.40000000e-01    4.90781907e-01    8.78271143e-01
951      2.41000000e-01    4.90004190e-01    8.79038718e-01
952      2.42000000e-01    4.89227544e-01    8.79805227e-01
953      2.43000000e-01    4.88452006e-01    8.80570643e-01
954      2.44000000e-01    4.87677615e-01    8.81334935e-01
955      2.45000000e-01    4.86904410e-01    8.82098072e-01
956      2.46000000e-01    4.86132434e-01    8.82860022e-01
957      2.47000000e-01    4.85361729e-01    8.83620751e-01
958      2.48000000e-01    4.84592341e-01    8.84380226e-01
959      2.49000000e-01    4.83824317e-01    8.85138413e-01
960      2.50000000e-01    4.83057704e-01    8.85895273e-01
961      2.51000000e-01    4.82292555e-01    8.86650772e-01
962      2.52000000e-01    4.81528922e-01    8.87404869e-01
963      2.53000000e-01    4.80766860e-01    8.88157526e-01
964      2.54000000e-01    4.80006426e-01    8.88908703e-01
965      2.55000000e-01    4.79247680e-01    8.89658358e-01
966      2.56000000e-01    4.78490683e-01    8.90406447e-01
967      2.57000000e-01    4.77735501e-01    8.91152927e-01
968      2.58000000e-01    4.76982201e-01    8.91897753e-01
969      2.59000000e-01    4.76230851e-01    8.92640878e-01
970      2.60000000e-01    4.75481525e-01    8.93382254e-01
971      2.61000000e-01    4.74734298e-01    8.94121832e-01
972      2.62000000e-01    4.73989248e-01    8.94859563e-01
973      2.63000000e-01    4.73246457e-01    8.95595394e-01
974      2.64000000e-01    4.72506008e-01    8.96329273e-01
975      2.65000000e-01    4.71767990e-01    8.97061146e-01
976      2.66000000e-01    4.71032494e-01    8.97790957e-01
977      2.67000000e-01    4.70299613e-01    8.98518650e-01
978      2.68000000e-01    4.69569445e-01    8.99244167e-01
979      2.69000000e-01    4.68842091e-01    8.99967449e-01
980      2.70000000e-01    4.68117657e-01    9.00688435e-01
981      2.71000000e-01    4.67396250e-01    9.01407065e-01
982      2.72000000e-01    4.66677983e-01    9.02123274e-01
983      2.73000000e-01    4.65962971e-01    9.02836999e-01
984      2.74000000e-01    4.65251333e-01    9.03548176e-01
985      2.75000000e-01    4.64543193e-01    9.04256737e-01
986      2.76000000e-01    4.63838678e-01    9.04962615e-01
987      2.77000000e-01    4.63137917e-01    9.05665743e-01
988      2.78000000e-01    4.62441046e-01    9.06366051e-01
989      2.79000000e-01    4.61748202e-01    9.07063469e-01
990      2.80000000e-01    4.61059526e-01    9.07757925e-01
991      2.81000000e-01    4.60375164e-01    9.08449348e-01
992      2.82000000e-01    4.59695264e-01    9.09137666e-01
993      2.83000000e-01    4.59019978e-01    9.09822804e-01
994      2.84000000e-01    4.58349460e-01    9.10504689e-01
995      2.85000000e-01    4.57683868e-01    9.11183247e-01
996      2.86000000e-01    4.57023362e-01    9.11858403e-01
997      2.87000000e-01    4.56368105e-01    9.12530081e-01
998      2.88000000e-01    4.55718263e-01    9.13198207e-01
999      2.89000000e-01    4.55074003e-01    9.13862704e-01
1000     2.90000000e-01    4.54435494e-01    9.14523496e-01
1001     2.91000000e-01    4.53802907e-01    9.15180509e-01
1002     2.92000000e-01    4.53176413e-01    9.15833666e-01
1003     2.93000000e-01    4.52556185e-01    9.16482891e-01
1004     2.94000000e-01    4.51942395e-01    9.17128110e-01
1005     2.95000000e-01    4.51335218e-01    9.17769247e-01
1006     2.96000000e-01    4.50734826e-01    9.18406227e-01
1007     2.97000000e-01    4.50141391e-01    9.19038978e-01
1008     2.98000000e-01    4.49555084e-01    9.19667424e-01
1009     2.99000000e-01    4.48976076e-01    9.20291494e-01
1010     3.00000000e-01    4.48404533e-01    9.20911115e-01
1011     3.01000000e-01    4.47840623e-01    9.21526216e-01
1012     3.02000000e-01    4.47284507e-01    9.22136726e-01
1013     3.03000000e-01    4.46736346e-01    9.22742576e-01
1014     3.04000000e-01    4.46196297e-01    9.23343697e-01
1015     3.05000000e-01    4.45664513e-01    9.23940022e-01
1016     3.06000000e-01    4.45141144e-01    9.24531484e-01
1017     3.07000000e-01    4.44626334e-01    9.25118018e-01
1018     3.08000000e-01    4.44120224e-01    9.25699559e-01
1019     3.09000000e-01    4.43622949e-01    9.26276045e-01
1020     3.10000000e-01    4.43134641e-01    9.26847413e-01
1021     3.11000000e-01    4.42655424e-01    9.27413603e-01
1022     3.12000000e-01    4.42185418e-01    9.27974555e-01
1023     3.13000000e-01    4.41724739e-01    9.28530211e-01
1024     3.14000000e-01    4.41273494e-01    9.29080515e-01
1025     3.15000000e-01    4.40831787e-01    9.29625409e-01
1026     3.16000000e-01    4.40399715e-01    9.30164840e-01
1027     3.17000000e-01    4.39977370e-01    9.30698754e-01
1028     3.18000000e-01    4.39564836e-01    9.31227100e-01
1029     3.19000000e-01    4.39162195e-01    9.31749825e-01
1030     3.20000000e-01    4.38769519e-01    9.32266881e-01
1031     3.21000000e-01    4.38386876e-01    9.32778218e-01
1032     3.22000000e-01    4.38014330e-01    9.33283789e-01
1033     3.23000000e-01    4.37651938e-01    9.33783548e-01
1034     3.24000000e-01    4.37299750e-01    9.34277448e-01
1035     3.25000000e-01    4.36957812e-01    9.34765447e-01
1036     3.26000000e-01    4.36626167e-01    9.35247500e-01
1037     3.27000000e-01    4.36304848e-01    9.35723564e-01
1038     3.28000000e-01    4.35993888e-01    9.36193599e-01
1039     3.29000000e-01    4.35693313e-01    9.36657564e-01
1040     3.30000000e-01    4.35403143e-01    9.37115419e-01
1041     3.31000000e-01    4.35123395e-01    9.37567125e-01
1042     3.32000000e-01    4.34854084e-01    9.38012644e-01
1043     3.33000000e-01    4.34595216e-01    9.38451939e-01
1044     3.34000000e-01    4.34346796e-01    9.38884973e-01
1045     3.35000000e-01    4.34108826e-01    9.39311710e-01
1046     3.36000000e-01    4.33881302e-01    9.39732116e-01
1047     3.37000000e-01    4.33664218e-01    9.40146155e-01
1048     3.38000000e-01    4.33457564e-01    9.40553793e-01
1049     3.39000000e-01    4.33261328e-01    9.40954998e-01
1050     3.40000000e-01    4.33075493e-01    9.41349736e-01
1051     3.41000000e-01    4.32900041e-01    9.41737975e-01
1052     3.42000000e-01    4.32734950e-01    9.42119683e-01
1053     3.43000000e-01    4.32580196e-01    9.42494829e-01
1054     3.44000000e-01    4.32435752e-01    9.42863383e-01
1055     3.45000000e-01    4.32301591e-01    9.43225313e-01
1056     3.46000000e-01    4.32177679e-01    9.43580589e-01
1057     3.47000000e-01    4.32063986e-01    9.43929183e-01
1058     3.48000000e-01    4.31960474e-01    9.44271064e-01
1059     3.49000000e-01    4.31867107e-01    9.44606203e-01
1060     3.50000000e-01    4.31783846e-01    9.44934573e-01
1061     3.51000000e-01    4.31710652e-01    9.45256145e-01
1062     3.52000000e-01    4.31647480e-01    9.45570890e-01
1063     3.53000000e-01    4.31594290e-01    9.45878781e-01
1064     3.54000000e-01    4.31551034e-01    9.46179791e-01
1065     3.55000000e-01    4.31517667e-01    9.46473893e-01
1066     3.56000000e-01    4.31494142e-01    9.46761059e-01
1067     3.57000000e-01    4.31480410e-01    9.47041262e-01
1068     3.58000000e-01    4.31476422e-01    9.47314477e-01
1069     3.59000000e-01    4.31482126e-01    9.47580677e-01
1070     3.60000000e-01    4.31497471e-01    9.47839836e-01
1071     3.61000000e-01    4.31522406e-01    9.48091928e-01
1072     3.62000000e-01    4.31556876e-01    9.48336927e-01
1073     3.63000000e-01    4.31600828e-01    9.48574808e-01
1074     3.64000000e-01    4.31654207e-01    9.48805546e-01
1075     3.65000000e-01    4.31716958e-01    9.49029115e-01
1076     3.66000000e-01    4.31789025e-01    9.49245490e-01
1077     3.67000000e-01    4.31870352e-01    9.49454646e-01
1078     3.68000000e-01    4.31960882e-01    9.49656560e-01
1079     3.69000000e-01    4.32060559e-01    9.49851205e-01
1080     3.70000000e-01    4.32169323e-01    9.50038559e-01
1081     3.71000000e-01    4.32287119e-01    9.50218596e-01
1082     3.72000000e-01    4.32413887e-01    9.50391293e-01
1083     3.73000000e-01    4.32549569e-01    9.50556625e-01
1084     3.74000000e-01    4.32694108e-01    9.50714569e-01
1085     3.75000000e-01    4.32847443e-01    9.50865101e-01
1086     3.76000000e-01    4.33009516e-01    9.51008198e-01
1087     3.77000000e-01    4.33180269e-01    9.51143836e-01
1088     3.78000000e-01    4.33359642e-01    9.51271992e-01
1089     3.79000000e-01    4.33547577e-01    9.51392643e-01
1090     3.80000000e-01    4.33744014e-01    9.51505766e-01
1091     3.81000000e-01    4.33948894e-01    9.51611338e-01
1092     3.82000000e-01    4.34162160e-01    9.51709336e-01
1093     3.83000000e-01    4.34383751e-01    9.51799739e-01
1094     3.84000000e-01    4.34613611e-01    9.51882523e-01
1095     3.85000000e-01    4.34851679e-01    9.51957667e-01
1096     3.86000000e-01    4.35097898e-01    9.52025148e-01
1097     3.87000000e-01    4.35352210e-01    9.52084945e-01
1098     3.88000000e-01    4.35614557e-01    9.52137035e-01
1099     3.89000000e-01    4.35884882e-01    9.52181399e-01
1100     3.90000000e-01    4.36163127e-01    9.52218013e-01
1101     3.91000000e-01    4.36449235e-01    9.52246857e-01
1102     3.92000000e-01    4.36743150e-01    9.52267911e-01
1103     3.93000000e-01    4.37044815e-01    9.52281153e-01
1104     3.94000000e-01    4.37354175e-01    9.52286562e-01
1105     3.95000000e-01    4.37671173e-01    9.52284120e-01
1106     3.96000000e-01    4.37995754e-01    9.52273805e-01
1107     3.97000000e-01    4.38327865e-01    9.52255597e-01
1108     3.98000000e-01    4.38667449e-01    9.52229478e-01
1109     3.99000000e-01    4.39014454e-01    9.52195428e-01
1110     4.00000000e-01    4.39368825e-01    9.52153427e-01
1111     4.01000000e-01    4.39730509e-01    9.52103457e-01
1112     4.02000000e-01    4.40099454e-01    9.52045500e-01
1113     4.03000000e-01    4.40475607e-01    9.51979537e-01
1114     4.04000000e-01    4.40858917e-01    9.51905551e-01
1115     4.05000000e-01    4.41249332e-01    9.51823524e-01
1116     4.06000000e-01    4.41646801e-01    9.51733438e-01
1117     4.07000000e-01    4.42051273e-01    9.51635277e-01
1118     4.08000000e-01    4.42462700e-01    9.51529025e-01
1119     4.09000000e-01    4.42881031e-01    9.51414665e-01
1120     4.10000000e-01    4.43306218e-01    9.51292182e-01
1121     4.11000000e-01    4.43738211e-01    9.51161561e-01
1122     4.12000000e-01    4.44176964e-01    9.51022786e-01
1123     4.13000000e-01    4.44622428e-01    9.50875844e-01
1124     4.14000000e-01    4.45074556e-01    9.50720720e-01
1125     4.15000000e-01    4.45533303e-01    9.50557401e-01
1126     4.16000000e-01    4.45998621e-01    9.50385875e-01
1127     4.17000000e-01    4.46470465e-01    9.50206129e-01
1128     4.18000000e-01    4.46948790e-01    9.50018152e-01
1129     4.19000000e-01    4.47433551e-01    9.49821932e-01
1130     4.20000000e-01    4.47924704e-01    9.49617458e-01
1131     4.21000000e-01    4.48422206e-01    9.49404722e-01
1132     4.22000000e-01    4.48926012e-01    9.49183713e-01
1133     4.23000000e-01    4.49436081e-01    9.48954424e-01
1134     4.24000000e-01    4.49952368e-01    9.48716846e-01
1135     4.25000000e-01    4.50474833e-01    9.48470972e-01
1136     4.26000000e-01    4.51003433e-01    9.48216796e-01
1137     4.27000000e-01    4.51538128e-01    9.47954313e-01
1138     4.28000000e-01    4.52078875e-01    9.47683517e-01
1139     4.29000000e-01    4.52625636e-01    9.47404406e-01
1140     4.30000000e-01    4.53178368e-01    9.47116976e-01
1141     4.31000000e-01    4.53737033e-01    9.46821224e-01
1142     4.32000000e-01    4.54301591e-01    9.46517151e-01
1143     4.33000000e-01    4.54872002e-01    9.46204756e-01
1144     4.34000000e-01    4.55448227e-01    9.45884039e-01
1145     4.35000000e-01    4.56030228e-01    9.45555004e-01
1146     4.36000000e-01    4.56617965e-01    9.45217652e-01
1147     4.37000000e-01    4.57211402e-01    9.44871987e-01
1148     4.38000000e-01    4.57810499e-01    9.44518016e-01
1149     4.39000000e-01    4.58415219e-01    9.44155745e-01
1150     4.40000000e-01    4.59025524e-01    9.43785181e-01
1151     4.41000000e-01    4.59641376e-01    9.43406333e-01
1152     4.42000000e-01    4.60262738e-01    9.43019211e-01
1153     4.43000000e-01    4.60889573e-01    9.42623826e-01
1154     4.44000000e-01    4.61521844e-01    9.42220192e-01
1155     4.45000000e-01    4.62159513e-01    9.41808322e-01
1156     4.46000000e-01    4.62802543e-01    9.41388232e-01
1157     4.47000000e-01    4.63450898e-01    9.40959939e-01
1158     4.48000000e-01    4.64104540e-01    9.40523460e-01
1159     4.49000000e-01    4.64763432e-01    9.40078773e-01
1160     4.50000000e-01    4.65427538e-01    9.39625882e-01
1161     4.51000000e-01    4.66096821e-01    9.39164812e-01
1162     4.52000000e-01    4.66771242e-01    9.38695587e-01
1163     4.53000000e-01    4.67450766e-01    9.38218236e-01
1164     4.54000000e-01    4.68135355e-01    9.37732788e-01
1165     4.55000000e-01    4.68824971e-01    9.37239274e-01
1166     4.56000000e-01    4.69519577e-01    9.36737726e-01
1167     4.57000000e-01    4.70219135e-01    9.36228178e-01
1168     4.58000000e-01    4.70923608e-01    9.35710667e-01
1169     4.59000000e-01    4.71632958e-01    9.35185230e-01
1170     4.60000000e-01    4.72347145e-01    9.34651907e-01
1171     4.61000000e-01    4.73066133e-01    9.34110738e-01
1172     4.62000000e-01    4.73789882e-01    9.33561767e-01
1173     4.63000000e-01    4.74518353e-01    9.33005038e-01
1174     4.64000000e-01    4.75251508e-01    9.32440597e-01
1175     4.65000000e-01    4.75989306e-01    9.31868493e-01
1176     4.66000000e-01    4.76731708e-01    9.31288776e-01
1177     4.67000000e-01    4.77478674e-01    9.30701497e-01
1178     4.68000000e-01    4.78230164e-01    9.30106709e-01
1179     4.69000000e-01    4.78986137e-01    9.29504468e-01
1180     4.70000000e-01    4.79746551e-01    9.28894829e-01
1181     4.71000000e-01    4.80511367e-01    9.28277853e-01
1182     4.72000000e-01    4.81280542e-01    9.27653597e-01
1183     4.73000000e-01    4.82054034e-01    9.27022125e-01
1184     4.74000000e-01    4.82831801e-01    9.26383499e-01
1185     4.75000000e-01    4.83613799e-01    9.25737784e-01
1186     4.76000000e-01    4.84399987e-01    9.25085047e-01
1187     4.77000000e-01    4.85190321e-01    9.24425355e-01
1188     4.78000000e-01    4.85984756e-01    9.23758777e-01
1189     4.79000000e-01    4.86783249e-01    9.23085384e-01
1190     4.80000000e-01    4.87585755e-01    9.22405248e-01
1191     4.81000000e-01    4.88392230e-01    9.21718442e-01
1192     4.82000000e-01    4.89202628e-01    9.21025042e-01
1193     4.83000000e-01    4.90016903e-01    9.20325122e-01
1194     4.84000000e-01    4.90835011e-01    9.19618760e-01
1195     4.85000000e-01    4.91656904e-01    9.18906034e-01
1196     4.86000000e-01    4.92482537e-01    9.18187024e-01
1197     4.87000000e-01    4.93311862e-01    9.17461808e-01
1198     4.88000000e-01    4.94144833e-01    9.16730469e-01
1199     4.89000000e-01    4.94981401e-01    9.15993088e-01
1200     4.90000000e-01    4.95821521e-01    9.15249749e-01
1201     4.91000000e-01    4.96665142e-01    9.14500534e-01
1202     4.92000000e-01    4.97512219e-01    9.13745528e-01
1203     4.93000000e-01    4.98362702e-01    9.12984816e-01
1204     4.94000000e-01    4.99216542e-01    9.12218484e-01
1205     4.95000000e-01    5.00073692e-01    9.11446616e-01
1206     4.96000000e-01    5.00934102e-01    9.10669300e-01
1207     4.97000000e-01    5.01797724e-01    9.09886623e-01
1208     4.98000000e-01    5.02664508e-01    9.09098670e-01
1209     4.99000000e-01    5.03534405e-01    9.08305530e-01
1210     5.00000000e-01    5.04407366e-01    9.07507290e-01
1211     5.01000000e-01    5.05283342e-01    9.06704036e-01
1212     5.02000000e-01    5.06162284e-01    9.05895858e-01
1213     5.03000000e-01    5.07044142e-01    9.05082842e-01
1214     5.04000000e-01    5.07928867e-01    9.04265075e-01
1215     5.05000000e-01    5.08816410e-01    9.03442645e-01
1216     5.06000000e-01    5.09706722e-01    9.02615639e-01
1217     5.07000000e-01    5.10599754e-01    9.01784143e-01
1218     5.08000000e-01    5.11495456e-01    9.00948243e-01
1219     5.09000000e-01    5.12393781e-01    9.00108027e-01
1220     5.10000000e-01    5.13294679e-01    8.99263578e-01
1221     5.11000000e-01    5.14198103e-01    8.98414983e-01
1222     5.12000000e-01    5.15104004e-01    8.97562326e-01
1223     5.13000000e-01    5.16012334e-01    8.96705690e-01
1224     5.14000000e-01    5.16923047e-01    8.95845159e-01
1225     5.15000000e-01    5.17836093e-01    8.94980815e-01
1226     5.16000000e-01    5.18751427e-01    8.94112741e-01
1227     5.17000000e-01    5.19669003e-01    8.93241017e-01
1228     5.18000000e-01    5.20588773e-01    8.92365723e-01
1229     5.19000000e-01    5.21510691e-01    8.91486940e-01
1230     5.20000000e-01    5.22434713e-01    8.90604744e-01
1231     5.21000000e-01    5.23360794e-01    8.89719215e-01
1232     5.22000000e-01    5.24288888e-01    8.88830428e-01
1233     5.23000000e-01    5.25218952e-01    8.87938460e-01
1234     5.24000000e-01    5.26150941e-01    8.87043385e-01
1235     5.25000000e-01    5.27084814e-01    8.86145277e-01
1236     5.26000000e-01    5.28020526e-01    8.85244208e-01
1237     5.27000000e-01    5.28958037e-01    8.84340250e-01
1238     5.28000000e-01    5.29897303e-01    8.83433474e-01
1239     5.29000000e-01    5.30838286e-01    8.82523949e-01
1240     5.30000000e-01    5.31780943e-01    8.81611743e-01
1241     5.31000000e-01    5.32725235e-01    8.80696924e-01
1242     5.32000000e-01    5.33671123e-01    8.79779557e-01
1243     5.33000000e-01    5.34618568e-01    8.78859708e-01
1244     5.34000000e-01    5.35567532e-01    8.77937441e-01
1245     5.35000000e-01    5.36517977e-01    8.77012817e-01
1246     5.36000000e-01    5.37469867e-01    8.76085899e-01
1247     5.37000000e-01    5.38423164e-01    8.75156747e-01
1248     5.38000000e-01    5.39377835e-01    8.74225421e-01
1249     5.39000000e-01    5.40333843e-01    8.73291978e-01
1250     5.40000000e-01    5.41291154e-01    8.72356474e-01
1251     5.41000000e-01    5.42249735e-01    8.71418967e-01
1252     5.42000000e-01    5.43209551e-01    8.70479511e-01
1253     5.43000000e-01    5.44170572e-01    8.69538159e-01
1254     5.44000000e-01    5.45132765e-01    8.68594963e-01
1255     5.45000000e-01    5.46096098e-01    8.67649975e-01
1256     5.46000000e-01    5.47060542e-01    8.66703245e-01
1257     5.47000000e-01    5.48026066e-01    8.65754823e-01
1258     5.48000000e-01    5.48992641e-01    8.64804755e-01
1259     5.49000000e-01    5.49960238e-01    8.63853088e-01
1260     5.50000000e-01    5.50928829e-01    8.62899870e-01
1261     5.51000000e-01    5.51898387e-01    8.61945144e-01
1262     5.52000000e-01    5.52868885e-01    8.60988953e-01
1263     5.53000000e-01    5.53840296e-01    8.60031342e-01
1264     5.54000000e-01    5.54812596e-01    8.59072350e-01
1265     5.55000000e-01    5.55785758e-01    8.58112020e-01
1266     5.56000000e-01    5.56759759e-01    8.57150390e-01
1267     5.57000000e-01    5.57734574e-01    8.56187499e-01
1268     5.58000000e-01    5.58710181e-01    8.55223385e-01
1269     5.59000000e-01    5.59686556e-01    8.54258084e-01
1270     5.60000000e-01    5.60663677e-01    8.53291633e-01
1271     5.61000000e-01    5.61641523e-01    8.52324066e-01
1272     5.62000000e-01    5.62620072e-01    8.51355417e-01
1273     5.63000000e-01    5.63599304e-01    8.50385720e-01
1274     5.64000000e-01    5.64579199e-01    8.49415006e-01
1275     5.65000000e-01    5.65559738e-01    8.48443307e-01
1276     5.66000000e-01    5.66540901e-01    8.47470653e-01
1277     5.67000000e-01    5.67522669e-01    8.46497075e-01
1278     5.68000000e-01    5.68505025e-01    8.45522601e-01
1279     5.69000000e-01    5.69487951e-01    8.44547258e-01
1280     5.70000000e-01    5.70471430e-01    8.43571076e-01
1281     5.71000000e-01    5.71455445e-01    8.42594079e-01
1282     5.72000000e-01    5.72439980e-01    8.41616294e-01
1283     5.73000000e-01    5.73425019e-01    8.40637746e-01
1284     5.74000000e-01    5.74410547e-01    8.39658460e-01
1285     5.75000000e-01    5.75396549e-01    8.38678459e-01
1286     5.76000000e-01    5.76383011e-01    8.37697766e-01
1287     5.77000000e-01    5.77369918e-01    8.36716403e-01
1288     5.78000000e-01    5.78357256e-01    8.35734393e-01
1289     5.79000000e-01    5.79345013e-01    8.34751756e-01
1290     5.80000000e-01    5.80333174e-01    8.33768513e-01
1291     5.81000000e-01    5.81321729e-01    8.32784684e-01
1292     5.82000000e-01    5.82310664e-01    8.31800288e-01
1293     5.83000000e-01    5.83299967e-01    8.30815343e-01
1294     5.84000000e-01    5.84289627e-01    8.29829869e-01
1295     5.85000000e-01    5.85279633e-01    8.28843882e-01
1296     5.86000000e-01    5.86269974e-01    8.27857399e-01
1297     5.87000000e-01    5.87260639e-01    8.26870438e-01
1298     5.88000000e-01    5.88251618e-01    8.25883013e-01
1299     5.89000000e-01    5.89242901e-01    8.24895142e-01
1300     5.90000000e-01    5.90234478e-01    8.23906838e-01
1301     5.91000000e-01    5.91226340e-01    8.22918116e-01
1302     5.92000000e-01    5.92218478e-01    8.21928992e-01
1303     5.93000000e-01    5.93210883e-01    8.20939477e-01
1304     5.94000000e-01    5.94203546e-01    8.19949586e-01
1305     5.95000000e-01    5.95196459e-01    8.18959331e-01
1306     5.96000000e-01    5.96189614e-01    8.17968725e-01
1307     5.97000000e-01    5.97183004e-01    8.16977781e-01
1308     5.98000000e-01    5.98176619e-01    8.15986508e-01
1309     5.99000000e-01    5.99170454e-01    8.14994920e-01
1310     6.00000000e-01    6.00164501e-01    8.14003027e-01
1311     6.01000000e-01    6.01158753e-01    8.13010839e-01
1312     6.02000000e-01    6.02153203e-01    8.12018367e-01
1313     6.03000000e-01    6.03147845e-01    8.11025620e-01
1314     6.04000000e-01    6.04142672e-01    8.10032609e-01
1315     6.05000000e-01    6.05137679e-01    8.09039342e-01
1316     6.06000000e-01    6.06132859e-01    8.08045828e-01
1317     6.07000000e-01    6.07128207e-01    8.07052077e-01
1318     6.08000000e-01    6.08123717e-01    8.06058096e-01
1319     6.09000000e-01    6.09119384e-01    8.05063894e-01
1320     6.10000000e-01    6.10115202e-01    8.04069478e-01
1321     6.11000000e-01    6.11111167e-01    8.03074856e-01
1322     6.12000000e-01    6.12107273e-01    8.02080036e-01
1323     6.13000000e-01    6.13103516e-01    8.01085024e-01
1324     6.14000000e-01    6.14099892e-01    8.00089827e-01
1325     6.15000000e-01    6.15096395e-01    7.99094452e-01
1326     6.16000000e-01    6.16093021e-01    7.98098906e-01
1327     6.17000000e-01    6.17089767e-01    7.97103194e-01
1328     6.18000000e-01    6.18086628e-01    7.96107322e-01
1329     6.19000000e-01    6.19083600e-01    7.95111296e-01
1330     6.20000000e-01    6.20080680e-01    7.94115122e-01
1331     6.21000000e-01    6.21077864e-01    7.93118805e-01
1332     6.22000000e-01    6.22075148e-01    7.92122351e-01
1333     6.23000000e-01    6.23072528e-01    7.91125763e-01
1334     6.24000000e-01    6.24070003e-01    7.90129048e-01
1335     6.25000000e-01    6.25067567e-01    7.89132209e-01
1336     6.26000000e-01    6.26065219e-01    7.88135252e-01
1337     6.27000000e-01    6.27062956e-01    7.87138180e-01
1338     6.28000000e-01    6.28060773e-01    7.86140998e-01
1339     6.29000000e-01    6.29058669e-01    7.85143709e-01
1340     6.30000000e-01    6.30056641e-01    7.84146319e-01
1341     6.31000000e-01    6.31054686e-01    7.83148829e-01
1342     6.32000000e-01    6.32052801e-01    7.82151245e-01
1343     6.33000000e-01    6.33050985e-01    7.81153569e-01
1344     6.34000000e-01    6.34049234e-01    7.80155805e-01
1345     6.35000000e-01    6.35047547e-01    7.79157957e-01
1346     6.36000000e-01    6.36045921e-01    7.78160026e-01
1347     6.37000000e-01    6.37044354e-01    7.77162017e-01
1348     6.38000000e-01    6.38042845e-01    7.76163933e-01
1349     6.39000000e-01    6.39041390e-01    7.75165775e-01
1350     6.40000000e-01    6.40039988e-01    7.74167547e-01
1351     6.41000000e-01    6.41038638e-01    7.73169251e-01
1352     6.42000000e-01    6.42037337e-01    7.72170891e-01
1353     6.43000000e-01    6.43036083e-01    7.71172467e-01
1354     6.44000000e-01    6.44034875e-01    7.70173984e-01
1355     6.45000000e-01    6.45033712e-01    7.69175442e-01
1356     6.46000000e-01    6.46032592e-01    7.68176845e-01
1357     6.47000000e-01    6.47031512e-01    7.67178193e-01
1358     6.48000000e-01    6.48030473e-01    7.66179490e-01
1359     6.49000000e-01    6.49029472e-01    7.65180737e-01
1360     6.50000000e-01    6.50028507e-01    7.64181936e-01
1361     6.51000000e-01    6.51027579e-01    7.63183089e-01
1362     6.52000000e-01    6.52026685e-01    7.62184198e-01
1363     6.53000000e-01    6.53025823e-01    7.61185263e-01
1364     6.54000000e-01    6.54024994e-01    7.60186288e-01
1365     6.55000000e-01    6.55024196e-01    7.59187273e-01
1366     6.56000000e-01    6.56023427e-01    7.58188220e-01
1367     6.57000000e-01    6.57022686e-01    7.57189130e-01
1368     6.58000000e-01    6.58021974e-01    7.56190005e-01
1369     6.59000000e-01    6.59021288e-01    7.55190846e-01
1370     6.60000000e-01    6.60020627e-01    7.54191655e-01
1371     6.61000000e-01    6.61019991e-01    7.53192432e-01
1372     6.62000000e-01    6.62019379e-01    7.52193179e-01
1373     6.63000000e-01    6.63018790e-01    7.51193897e-01
1374     6.64000000e-01    6.64018223e-01    7.50194586e-01
1375     6.65000000e-01    6.65017677e-01    7.49195250e-01
1376     6.66000000e-01    6.66017151e-01    7.48195887e-01
1377     6.67000000e-01    6.67016646e-01    7.47196499e-01
1378     6.68000000e-01    6.68016159e-01    7.46197087e-01
1379     6.69000000e-01    6.69015690e-01    7.45197653e-01
1380     6.70000000e-01    6.70015240e-01    7.44198196e-01
1381     6.71000000e-01    6.71014806e-01    7.43198718e-01
1382     6.72000000e-01    6.72014389e-01    7.42199219e-01
1383     6.73000000e-01    6.73013987e-01    7.41199701e-01
1384     6.74000000e-01    6.74013600e-01    7.40200164e-01
1385     6.75000000e-01    6.75013229e-01    7.39200608e-01
1386     6.76000000e-01    6.76012871e-01    7.38201036e-01
1387     6.77000000e-01    6.77012527e-01    7.37201446e-01
1388     6.78000000e-01    6.78012196e-01    7.36201840e-01
1389     6.79000000e-01    6.79011877e-01    7.35202218e-01
1390     6.80000000e-01    6.80011571e-01    7.34202582e-01
1391     6.81000000e-01    6.81011276e-01    7.33202931e-01
1392     6.82000000e-01    6.82010992e-01    7.32203266e-01
1393     6.83000000e-01    6.83010720e-01    7.31203588e-01
1394     6.84000000e-01    6.84010457e-01    7.30203898e-01
1395     6.85000000e-01    6.85010205e-01    7.29204195e-01
1396     6.86000000e-01    6.86009962e-01    7.28204480e-01
1397     6.87000000e-01    6.87009729e-01    7.27204753e-01
1398     6.88000000e-01    6.88009505e-01    7.26205016e-01
1399     6.89000000e-01    6.89009289e-01    7.25205268e-01
1400     6.90000000e-01    6.90009081e-01    7.24205510e-01
1401     6.91000000e-01    6.91008882e-01    7.23205743e-01
1402     6.92000000e-01    6.92008690e-01    7.22205966e-01
1403     6.93000000e-01    6.93008506e-01    7.21206180e-01
1404     6.94000000e-01    6.94008328e-01    7.20206385e-01
1405     6.95000000e-01    6.95008158e-01    7.19206582e-01
1406     6.96000000e-01    6.96007994e-01    7.18206771e-01
1407     6.97000000e-01    6.97007836e-01    7.17206953e-01
1408     6.98000000e-01    6.98007685e-01    7.16207127e-01
1409     6.99000000e-01    6.99007539e-01    7.15207294e-01
1410     7.00000000e-01    7.00007400e-01    7.14207454e-01
1411     7.01000000e-01    7.01007265e-01    7.13207607e-01
1412     7.02000000e-01    7.02007136e-01    7.12207755e-01
1413     7.03000000e-01    7.03007012e-01    7.11207896e-01
1414     7.04000000e-01    7.04006892e-01    7.10208031e-01
1415     7.05000000e-01    7.05006778e-01    7.09208161e-01
1416     7.06000000e-01    7.06006668e-01    7.08208285e-01
1417     7.07000000e-01    7.07006562e-01    7.07208405e-01
1418     7.08000000e-01    7.08006460e-01    7.06208519e-01
1419     7.09000000e-01    7.09006362e-01    7.05208628e-01
1420     7.10000000e-01    7.10006269e-01    7.04208733e-01
End of Xyce(TM) Parameter Sweep
