Index        {U}              V(V1)             V(V2)      
0       -7.10000000e-01   -2.45235560e-01    1.04011096e+00
1       -7.09000000e-01   -2.44757337e-01    1.03923487e+00
2       -7.08000000e-01   -2.44279419e-01    1.03835924e+00
3       -7.07000000e-01   -2.43801802e-01    1.03748407e+00
4       -7.06000000e-01   -2.43324481e-01    1.03660936e+00
5       -7.05000000e-01   -2.42847449e-01    1.03573513e+00
6       -7.04000000e-01   -2.42370702e-01    1.03486136e+00
7       -7.03000000e-01   -2.41894234e-01    1.03398807e+00
8       -7.02000000e-01   -2.41418041e-01    1.03311525e+00
9       -7.01000000e-01   -2.40942116e-01    1.03224290e+00
10      -7.00000000e-01   -2.40466455e-01    1.03137104e+00
11      -6.99000000e-01   -2.39991053e-01    1.03049966e+00
12      -6.98000000e-01   -2.39515903e-01    1.02962876e+00
13      -6.97000000e-01   -2.39041001e-01    1.02875834e+00
14      -6.96000000e-01   -2.38566341e-01    1.02788842e+00
15      -6.95000000e-01   -2.38091919e-01    1.02701898e+00
16      -6.94000000e-01   -2.37617729e-01    1.02615004e+00
17      -6.93000000e-01   -2.37143765e-01    1.02528159e+00
18      -6.92000000e-01   -2.36670023e-01    1.02441364e+00
19      -6.91000000e-01   -2.36196498e-01    1.02354619e+00
20      -6.90000000e-01   -2.35723183e-01    1.02267925e+00
21      -6.89000000e-01   -2.35250075e-01    1.02181281e+00
22      -6.88000000e-01   -2.34777167e-01    1.02094687e+00
23      -6.87000000e-01   -2.34304455e-01    1.02008145e+00
24      -6.86000000e-01   -2.33831934e-01    1.01921654e+00
25      -6.85000000e-01   -2.33359598e-01    1.01835214e+00
26      -6.84000000e-01   -2.32887442e-01    1.01748826e+00
27      -6.83000000e-01   -2.32415462e-01    1.01662491e+00
28      -6.82000000e-01   -2.31943651e-01    1.01576207e+00
29      -6.81000000e-01   -2.31472006e-01    1.01489976e+00
30      -6.80000000e-01   -2.31000521e-01    1.01403798e+00
31      -6.79000000e-01   -2.30529191e-01    1.01317673e+00
32      -6.78000000e-01   -2.30058011e-01    1.01231601e+00
33      -6.77000000e-01   -2.29586977e-01    1.01145583e+00
34      -6.76000000e-01   -2.29116082e-01    1.01059619e+00
35      -6.75000000e-01   -2.28645323e-01    1.00973709e+00
36      -6.74000000e-01   -2.28174695e-01    1.00887853e+00
37      -6.73000000e-01   -2.27704192e-01    1.00802052e+00
38      -6.72000000e-01   -2.27233809e-01    1.00716306e+00
39      -6.71000000e-01   -2.26763543e-01    1.00630615e+00
40      -6.70000000e-01   -2.26293388e-01    1.00544980e+00
41      -6.69000000e-01   -2.25823339e-01    1.00459400e+00
42      -6.68000000e-01   -2.25353392e-01    1.00373877e+00
43      -6.67000000e-01   -2.24883542e-01    1.00288410e+00
44      -6.66000000e-01   -2.24413784e-01    1.00202999e+00
45      -6.65000000e-01   -2.23944114e-01    1.00117645e+00
46      -6.64000000e-01   -2.23474527e-01    1.00032349e+00
47      -6.63000000e-01   -2.23005019e-01    9.99471101e-01
48      -6.62000000e-01   -2.22535584e-01    9.98619290e-01
49      -6.61000000e-01   -2.22066219e-01    9.97768060e-01
50      -6.60000000e-01   -2.21596918e-01    9.96917413e-01
51      -6.59000000e-01   -2.21127678e-01    9.96067353e-01
52      -6.58000000e-01   -2.20658494e-01    9.95217883e-01
53      -6.57000000e-01   -2.20189362e-01    9.94369006e-01
54      -6.56000000e-01   -2.19720277e-01    9.93520724e-01
55      -6.55000000e-01   -2.19251235e-01    9.92673042e-01
56      -6.54000000e-01   -2.18782232e-01    9.91825961e-01
57      -6.53000000e-01   -2.18313263e-01    9.90979485e-01
58      -6.52000000e-01   -2.17844324e-01    9.90133618e-01
59      -6.51000000e-01   -2.17375411e-01    9.89288361e-01
60      -6.50000000e-01   -2.16906520e-01    9.88443719e-01
61      -6.49000000e-01   -2.16437646e-01    9.87599695e-01
62      -6.48000000e-01   -2.15968786e-01    9.86756291e-01
63      -6.47000000e-01   -2.15499936e-01    9.85913511e-01
64      -6.46000000e-01   -2.15031091e-01    9.85071359e-01
65      -6.45000000e-01   -2.14562248e-01    9.84229837e-01
66      -6.44000000e-01   -2.14093402e-01    9.83388948e-01
67      -6.43000000e-01   -2.13624550e-01    9.82548697e-01
68      -6.42000000e-01   -2.13155687e-01    9.81709086e-01
69      -6.41000000e-01   -2.12686811e-01    9.80870119e-01
70      -6.40000000e-01   -2.12217916e-01    9.80031799e-01
71      -6.39000000e-01   -2.11749000e-01    9.79194129e-01
72      -6.38000000e-01   -2.11280059e-01    9.78357113e-01
73      -6.37000000e-01   -2.10811089e-01    9.77520754e-01
74      -6.36000000e-01   -2.10342085e-01    9.76685056e-01
75      -6.35000000e-01   -2.09873046e-01    9.75850023e-01
76      -6.34000000e-01   -2.09403966e-01    9.75015656e-01
77      -6.33000000e-01   -2.08934843e-01    9.74181961e-01
78      -6.32000000e-01   -2.08465673e-01    9.73348941e-01
79      -6.31000000e-01   -2.07996453e-01    9.72516599e-01
80      -6.30000000e-01   -2.07527178e-01    9.71684939e-01
81      -6.29000000e-01   -2.07057846e-01    9.70853964e-01
82      -6.28000000e-01   -2.06588454e-01    9.70023679e-01
83      -6.27000000e-01   -2.06118997e-01    9.69194086e-01
84      -6.26000000e-01   -2.05649473e-01    9.68365190e-01
85      -6.25000000e-01   -2.05179878e-01    9.67536993e-01
86      -6.24000000e-01   -2.04710210e-01    9.66709501e-01
87      -6.23000000e-01   -2.04240464e-01    9.65882716e-01
88      -6.22000000e-01   -2.03770639e-01    9.65056643e-01
89      -6.21000000e-01   -2.03300730e-01    9.64231285e-01
90      -6.20000000e-01   -2.02830735e-01    9.63406646e-01
91      -6.19000000e-01   -2.02360650e-01    9.62582730e-01
92      -6.18000000e-01   -2.01890473e-01    9.61759540e-01
93      -6.17000000e-01   -2.01420200e-01    9.60937081e-01
94      -6.16000000e-01   -2.00949830e-01    9.60115357e-01
95      -6.15000000e-01   -2.00479358e-01    9.59294372e-01
96      -6.14000000e-01   -2.00008782e-01    9.58474128e-01
97      -6.13000000e-01   -1.99538099e-01    9.57654632e-01
98      -6.12000000e-01   -1.99067306e-01    9.56835886e-01
99      -6.11000000e-01   -1.98596401e-01    9.56017894e-01
100     -6.10000000e-01   -1.98125380e-01    9.55200662e-01
101     -6.09000000e-01   -1.97654242e-01    9.54384192e-01
102     -6.08000000e-01   -1.97182983e-01    9.53568489e-01
103     -6.07000000e-01   -1.96711602e-01    9.52753557e-01
104     -6.06000000e-01   -1.96240094e-01    9.51939401e-01
105     -6.05000000e-01   -1.95768458e-01    9.51126024e-01
106     -6.04000000e-01   -1.95296691e-01    9.50313431e-01
107     -6.03000000e-01   -1.94824791e-01    9.49501625e-01
108     -6.02000000e-01   -1.94352756e-01    9.48690613e-01
109     -6.01000000e-01   -1.93880582e-01    9.47880397e-01
110     -6.00000000e-01   -1.93408267e-01    9.47070982e-01
111     -5.99000000e-01   -1.92935810e-01    9.46262373e-01
112     -5.98000000e-01   -1.92463208e-01    9.45454573e-01
113     -5.97000000e-01   -1.91990458e-01    9.44647588e-01
114     -5.96000000e-01   -1.91517558e-01    9.43841422e-01
115     -5.95000000e-01   -1.91044506e-01    9.43036079e-01
116     -5.94000000e-01   -1.90571300e-01    9.42231564e-01
117     -5.93000000e-01   -1.90097938e-01    9.41427881e-01
118     -5.92000000e-01   -1.89624417e-01    9.40625036e-01
119     -5.91000000e-01   -1.89150736e-01    9.39823032e-01
120     -5.90000000e-01   -1.88676892e-01    9.39021874e-01
121     -5.89000000e-01   -1.88202884e-01    9.38221568e-01
122     -5.88000000e-01   -1.87728709e-01    9.37422117e-01
123     -5.87000000e-01   -1.87254365e-01    9.36623527e-01
124     -5.86000000e-01   -1.86779850e-01    9.35825802e-01
125     -5.85000000e-01   -1.86305164e-01    9.35028947e-01
126     -5.84000000e-01   -1.85830302e-01    9.34232968e-01
127     -5.83000000e-01   -1.85355265e-01    9.33437868e-01
128     -5.82000000e-01   -1.84880049e-01    9.32643652e-01
129     -5.81000000e-01   -1.84404654e-01    9.31850327e-01
130     -5.80000000e-01   -1.83929077e-01    9.31057896e-01
131     -5.79000000e-01   -1.83453316e-01    9.30266365e-01
132     -5.78000000e-01   -1.82977371e-01    9.29475739e-01
133     -5.77000000e-01   -1.82501238e-01    9.28686022e-01
134     -5.76000000e-01   -1.82024918e-01    9.27897221e-01
135     -5.75000000e-01   -1.81548407e-01    9.27109339e-01
136     -5.74000000e-01   -1.81071704e-01    9.26322383e-01
137     -5.73000000e-01   -1.80594808e-01    9.25536357e-01
138     -5.72000000e-01   -1.80117718e-01    9.24751267e-01
139     -5.71000000e-01   -1.79640431e-01    9.23967118e-01
140     -5.70000000e-01   -1.79162946e-01    9.23183915e-01
141     -5.69000000e-01   -1.78685262e-01    9.22401664e-01
142     -5.68000000e-01   -1.78207377e-01    9.21620370e-01
143     -5.67000000e-01   -1.77729289e-01    9.20840038e-01
144     -5.66000000e-01   -1.77250999e-01    9.20060674e-01
145     -5.65000000e-01   -1.76772503e-01    9.19282283e-01
146     -5.64000000e-01   -1.76293801e-01    9.18504871e-01
147     -5.63000000e-01   -1.75814891e-01    9.17728444e-01
148     -5.62000000e-01   -1.75335772e-01    9.16953007e-01
149     -5.61000000e-01   -1.74856443e-01    9.16178565e-01
150     -5.60000000e-01   -1.74376903e-01    9.15405125e-01
151     -5.59000000e-01   -1.73897149e-01    9.14632691e-01
152     -5.58000000e-01   -1.73417182e-01    9.13861271e-01
153     -5.57000000e-01   -1.72936999e-01    9.13090868e-01
154     -5.56000000e-01   -1.72456601e-01    9.12321490e-01
155     -5.55000000e-01   -1.71975984e-01    9.11553143e-01
156     -5.54000000e-01   -1.71495150e-01    9.10785831e-01
157     -5.53000000e-01   -1.71014095e-01    9.10019561e-01
158     -5.52000000e-01   -1.70532820e-01    9.09254339e-01
159     -5.51000000e-01   -1.70051323e-01    9.08490170e-01
160     -5.50000000e-01   -1.69569603e-01    9.07727062e-01
161     -5.49000000e-01   -1.69087659e-01    9.06965019e-01
162     -5.48000000e-01   -1.68605490e-01    9.06204049e-01
163     -5.47000000e-01   -1.68123095e-01    9.05444156e-01
164     -5.46000000e-01   -1.67640473e-01    9.04685348e-01
165     -5.45000000e-01   -1.67157624e-01    9.03927630e-01
166     -5.44000000e-01   -1.66674546e-01    9.03171009e-01
167     -5.43000000e-01   -1.66191238e-01    9.02415491e-01
168     -5.42000000e-01   -1.65707700e-01    9.01661083e-01
169     -5.41000000e-01   -1.65223931e-01    9.00907790e-01
170     -5.40000000e-01   -1.64739929e-01    9.00155618e-01
171     -5.39000000e-01   -1.64255695e-01    8.99404576e-01
172     -5.38000000e-01   -1.63771226e-01    8.98654668e-01
173     -5.37000000e-01   -1.63286523e-01    8.97905901e-01
174     -5.36000000e-01   -1.62801584e-01    8.97158283e-01
175     -5.35000000e-01   -1.62316410e-01    8.96411819e-01
176     -5.34000000e-01   -1.61830998e-01    8.95666515e-01
177     -5.33000000e-01   -1.61345349e-01    8.94922380e-01
178     -5.32000000e-01   -1.60859461e-01    8.94179419e-01
179     -5.31000000e-01   -1.60373335e-01    8.93437639e-01
180     -5.30000000e-01   -1.59886969e-01    8.92697046e-01
181     -5.29000000e-01   -1.59400362e-01    8.91957648e-01
182     -5.28000000e-01   -1.58913515e-01    8.91219452e-01
183     -5.27000000e-01   -1.58426426e-01    8.90482463e-01
184     -5.26000000e-01   -1.57939094e-01    8.89746690e-01
185     -5.25000000e-01   -1.57451520e-01    8.89012138e-01
186     -5.24000000e-01   -1.56963702e-01    8.88278815e-01
187     -5.23000000e-01   -1.56475641e-01    8.87546728e-01
188     -5.22000000e-01   -1.55987335e-01    8.86815884e-01
189     -5.21000000e-01   -1.55498784e-01    8.86086290e-01
190     -5.20000000e-01   -1.55009987e-01    8.85357953e-01
191     -5.19000000e-01   -1.54520944e-01    8.84630879e-01
192     -5.18000000e-01   -1.54031655e-01    8.83905077e-01
193     -5.17000000e-01   -1.53542119e-01    8.83180553e-01
194     -5.16000000e-01   -1.53052335e-01    8.82457314e-01
195     -5.15000000e-01   -1.52562303e-01    8.81735368e-01
196     -5.14000000e-01   -1.52072023e-01    8.81014722e-01
197     -5.13000000e-01   -1.51581494e-01    8.80295383e-01
198     -5.12000000e-01   -1.51090715e-01    8.79577359e-01
199     -5.11000000e-01   -1.50599687e-01    8.78860656e-01
200     -5.10000000e-01   -1.50108409e-01    8.78145282e-01
201     -5.09000000e-01   -1.49616880e-01    8.77431245e-01
202     -5.08000000e-01   -1.49125101e-01    8.76718551e-01
203     -5.07000000e-01   -1.48633071e-01    8.76007209e-01
204     -5.06000000e-01   -1.48140788e-01    8.75297225e-01
205     -5.05000000e-01   -1.47648255e-01    8.74588608e-01
206     -5.04000000e-01   -1.47155469e-01    8.73881364e-01
207     -5.03000000e-01   -1.46662430e-01    8.73175501e-01
208     -5.02000000e-01   -1.46169139e-01    8.72471026e-01
209     -5.01000000e-01   -1.45675595e-01    8.71767948e-01
210     -5.00000000e-01   -1.45181797e-01    8.71066273e-01
211     -4.99000000e-01   -1.44687746e-01    8.70366009e-01
212     -4.98000000e-01   -1.44193441e-01    8.69667165e-01
213     -4.97000000e-01   -1.43698882e-01    8.68969746e-01
214     -4.96000000e-01   -1.43204068e-01    8.68273761e-01
215     -4.95000000e-01   -1.42709000e-01    8.67579217e-01
216     -4.94000000e-01   -1.42213677e-01    8.66886123e-01
217     -4.93000000e-01   -1.41718100e-01    8.66194485e-01
218     -4.92000000e-01   -1.41222267e-01    8.65504312e-01
219     -4.91000000e-01   -1.40726178e-01    8.64815610e-01
220     -4.90000000e-01   -1.40229835e-01    8.64128387e-01
221     -4.89000000e-01   -1.39733235e-01    8.63442652e-01
222     -4.88000000e-01   -1.39236380e-01    8.62758411e-01
223     -4.87000000e-01   -1.38739268e-01    8.62075673e-01
224     -4.86000000e-01   -1.38241901e-01    8.61394444e-01
225     -4.85000000e-01   -1.37744277e-01    8.60714732e-01
226     -4.84000000e-01   -1.37246382e-01    8.60036546e-01
227     -4.83000000e-01   -1.36748153e-01    8.59359891e-01
228     -4.82000000e-01   -1.36249581e-01    8.58684777e-01
229     -4.81000000e-01   -1.35750666e-01    8.58011210e-01
230     -4.80000000e-01   -1.35251408e-01    8.57339199e-01
231     -4.79000000e-01   -1.34751807e-01    8.56668749e-01
232     -4.78000000e-01   -1.34251863e-01    8.55999870e-01
233     -4.77000000e-01   -1.33751577e-01    8.55332568e-01
234     -4.76000000e-01   -1.33250947e-01    8.54666850e-01
235     -4.75000000e-01   -1.32749975e-01    8.54002724e-01
236     -4.74000000e-01   -1.32248660e-01    8.53340198e-01
237     -4.73000000e-01   -1.31747002e-01    8.52679278e-01
238     -4.72000000e-01   -1.31245002e-01    8.52019972e-01
239     -4.71000000e-01   -1.30742659e-01    8.51362288e-01
240     -4.70000000e-01   -1.30239973e-01    8.50706231e-01
241     -4.69000000e-01   -1.29736944e-01    8.50051809e-01
242     -4.68000000e-01   -1.29233573e-01    8.49399030e-01
243     -4.67000000e-01   -1.28729860e-01    8.48747899e-01
244     -4.66000000e-01   -1.28225804e-01    8.48098425e-01
245     -4.65000000e-01   -1.27721406e-01    8.47450614e-01
246     -4.64000000e-01   -1.27216666e-01    8.46804472e-01
247     -4.63000000e-01   -1.26711583e-01    8.46160007e-01
248     -4.62000000e-01   -1.26206159e-01    8.45517225e-01
249     -4.61000000e-01   -1.25700393e-01    8.44876133e-01
250     -4.60000000e-01   -1.25194285e-01    8.44236736e-01
251     -4.59000000e-01   -1.24687835e-01    8.43599043e-01
252     -4.58000000e-01   -1.24181044e-01    8.42963057e-01
253     -4.57000000e-01   -1.23673911e-01    8.42328787e-01
254     -4.56000000e-01   -1.23166437e-01    8.41696238e-01
255     -4.55000000e-01   -1.22658622e-01    8.41065416e-01
256     -4.54000000e-01   -1.22150466e-01    8.40436326e-01
257     -4.53000000e-01   -1.21641970e-01    8.39808976e-01
258     -4.52000000e-01   -1.21133132e-01    8.39183370e-01
259     -4.51000000e-01   -1.20623954e-01    8.38559514e-01
260     -4.50000000e-01   -1.20114436e-01    8.37937413e-01
261     -4.49000000e-01   -1.19604578e-01    8.37317073e-01
262     -4.48000000e-01   -1.19094379e-01    8.36698499e-01
263     -4.47000000e-01   -1.18583841e-01    8.36081696e-01
264     -4.46000000e-01   -1.18072963e-01    8.35466668e-01
265     -4.45000000e-01   -1.17561746e-01    8.34853422e-01
266     -4.44000000e-01   -1.17050190e-01    8.34241961e-01
267     -4.43000000e-01   -1.16538294e-01    8.33632289e-01
268     -4.42000000e-01   -1.16026060e-01    8.33024412e-01
269     -4.41000000e-01   -1.15513487e-01    8.32418333e-01
270     -4.40000000e-01   -1.15000576e-01    8.31814056e-01
271     -4.39000000e-01   -1.14487326e-01    8.31211586e-01
272     -4.38000000e-01   -1.13973739e-01    8.30610925e-01
273     -4.37000000e-01   -1.13459813e-01    8.30012078e-01
274     -4.36000000e-01   -1.12945551e-01    8.29415048e-01
275     -4.35000000e-01   -1.12430951e-01    8.28819837e-01
276     -4.34000000e-01   -1.11916013e-01    8.28226449e-01
277     -4.33000000e-01   -1.11400739e-01    8.27634887e-01
278     -4.32000000e-01   -1.10885129e-01    8.27045153e-01
279     -4.31000000e-01   -1.10369182e-01    8.26457250e-01
280     -4.30000000e-01   -1.09852899e-01    8.25871180e-01
281     -4.29000000e-01   -1.09336280e-01    8.25286944e-01
282     -4.28000000e-01   -1.08819325e-01    8.24704546e-01
283     -4.27000000e-01   -1.08302035e-01    8.24123985e-01
284     -4.26000000e-01   -1.07784410e-01    8.23545264e-01
285     -4.25000000e-01   -1.07266450e-01    8.22968385e-01
286     -4.24000000e-01   -1.06748156e-01    8.22393347e-01
287     -4.23000000e-01   -1.06229527e-01    8.21820151e-01
288     -4.22000000e-01   -1.05710565e-01    8.21248799e-01
289     -4.21000000e-01   -1.05191268e-01    8.20679290e-01
290     -4.20000000e-01   -1.04671638e-01    8.20111625e-01
291     -4.19000000e-01   -1.04151675e-01    8.19545803e-01
292     -4.18000000e-01   -1.03631379e-01    8.18981825e-01
293     -4.17000000e-01   -1.03110750e-01    8.18419688e-01
294     -4.16000000e-01   -1.02589789e-01    8.17859394e-01
295     -4.15000000e-01   -1.02068496e-01    8.17300940e-01
296     -4.14000000e-01   -1.01546871e-01    8.16744326e-01
297     -4.13000000e-01   -1.01024915e-01    8.16189549e-01
298     -4.12000000e-01   -1.00502627e-01    8.15636609e-01
299     -4.11000000e-01   -9.99800084e-02    8.15085503e-01
300     -4.10000000e-01   -9.94570593e-02    8.14536229e-01
301     -4.09000000e-01   -9.89337798e-02    8.13988785e-01
302     -4.08000000e-01   -9.84101704e-02    8.13443168e-01
303     -4.07000000e-01   -9.78862314e-02    8.12899374e-01
304     -4.06000000e-01   -9.73619629e-02    8.12357402e-01
305     -4.05000000e-01   -9.68373653e-02    8.11817248e-01
306     -4.04000000e-01   -9.63124390e-02    8.11278907e-01
307     -4.03000000e-01   -9.57871843e-02    8.10742377e-01
308     -4.02000000e-01   -9.52616014e-02    8.10207653e-01
309     -4.01000000e-01   -9.47356907e-02    8.09674732e-01
310     -4.00000000e-01   -9.42094525e-02    8.09143608e-01
311     -3.99000000e-01   -9.36828871e-02    8.08614277e-01
312     -3.98000000e-01   -9.31559948e-02    8.08086734e-01
313     -3.97000000e-01   -9.26287760e-02    8.07560974e-01
314     -3.96000000e-01   -9.21012310e-02    8.07036991e-01
315     -3.95000000e-01   -9.15733601e-02    8.06514781e-01
316     -3.94000000e-01   -9.10451637e-02    8.05994338e-01
317     -3.93000000e-01   -9.05166419e-02    8.05475655e-01
318     -3.92000000e-01   -8.99877953e-02    8.04958727e-01
319     -3.91000000e-01   -8.94586242e-02    8.04443546e-01
320     -3.90000000e-01   -8.89291287e-02    8.03930108e-01
321     -3.89000000e-01   -8.83993094e-02    8.03418405e-01
322     -3.88000000e-01   -8.78691665e-02    8.02908429e-01
323     -3.87000000e-01   -8.73387003e-02    8.02400176e-01
324     -3.86000000e-01   -8.68079113e-02    8.01893636e-01
325     -3.85000000e-01   -8.62767996e-02    8.01388803e-01
326     -3.84000000e-01   -8.57453658e-02    8.00885669e-01
327     -3.83000000e-01   -8.52136100e-02    8.00384227e-01
328     -3.82000000e-01   -8.46815327e-02    7.99884469e-01
329     -3.81000000e-01   -8.41491343e-02    7.99386386e-01
330     -3.80000000e-01   -8.36164149e-02    7.98889972e-01
331     -3.79000000e-01   -8.30833750e-02    7.98395217e-01
332     -3.78000000e-01   -8.25500150e-02    7.97902113e-01
333     -3.77000000e-01   -8.20163351e-02    7.97410652e-01
334     -3.76000000e-01   -8.14823358e-02    7.96920826e-01
335     -3.75000000e-01   -8.09480173e-02    7.96432625e-01
336     -3.74000000e-01   -8.04133800e-02    7.95946041e-01
337     -3.73000000e-01   -7.98784243e-02    7.95461065e-01
338     -3.72000000e-01   -7.93431505e-02    7.94977688e-01
339     -3.71000000e-01   -7.88075590e-02    7.94495901e-01
340     -3.70000000e-01   -7.82716501e-02    7.94015695e-01
341     -3.69000000e-01   -7.77354242e-02    7.93537061e-01
342     -3.68000000e-01   -7.71988815e-02    7.93059989e-01
343     -3.67000000e-01   -7.66620226e-02    7.92584470e-01
344     -3.66000000e-01   -7.61248476e-02    7.92110495e-01
345     -3.65000000e-01   -7.55873571e-02    7.91638054e-01
346     -3.64000000e-01   -7.50495513e-02    7.91167139e-01
347     -3.63000000e-01   -7.45114305e-02    7.90697739e-01
348     -3.62000000e-01   -7.39729952e-02    7.90229844e-01
349     -3.61000000e-01   -7.34342457e-02    7.89763446e-01
350     -3.60000000e-01   -7.28951824e-02    7.89298536e-01
351     -3.59000000e-01   -7.23558055e-02    7.88835102e-01
352     -3.58000000e-01   -7.18161156e-02    7.88373136e-01
353     -3.57000000e-01   -7.12761128e-02    7.87912628e-01
354     -3.56000000e-01   -7.07357976e-02    7.87453569e-01
355     -3.55000000e-01   -7.01951704e-02    7.86995949e-01
356     -3.54000000e-01   -6.96542315e-02    7.86539759e-01
357     -3.53000000e-01   -6.91129812e-02    7.86084988e-01
358     -3.52000000e-01   -6.85714200e-02    7.85631628e-01
359     -3.51000000e-01   -6.80295481e-02    7.85179669e-01
360     -3.50000000e-01   -6.74873659e-02    7.84729102e-01
361     -3.49000000e-01   -6.69448739e-02    7.84279917e-01
362     -3.48000000e-01   -6.64020723e-02    7.83832105e-01
363     -3.47000000e-01   -6.58589615e-02    7.83385657e-01
364     -3.46000000e-01   -6.53155418e-02    7.82940563e-01
365     -3.45000000e-01   -6.47718137e-02    7.82496814e-01
366     -3.44000000e-01   -6.42277775e-02    7.82054402e-01
367     -3.43000000e-01   -6.36834336e-02    7.81613317e-01
368     -3.42000000e-01   -6.31387822e-02    7.81173550e-01
369     -3.41000000e-01   -6.25938238e-02    7.80735093e-01
370     -3.40000000e-01   -6.20485588e-02    7.80297936e-01
371     -3.39000000e-01   -6.15029874e-02    7.79862070e-01
372     -3.38000000e-01   -6.09571101e-02    7.79427489e-01
373     -3.37000000e-01   -6.04109272e-02    7.78994181e-01
374     -3.36000000e-01   -5.98644391e-02    7.78562141e-01
375     -3.35000000e-01   -5.93176461e-02    7.78131358e-01
376     -3.34000000e-01   -5.87705486e-02    7.77701824e-01
377     -3.33000000e-01   -5.82231470e-02    7.77273533e-01
378     -3.32000000e-01   -5.76754415e-02    7.76846475e-01
379     -3.31000000e-01   -5.71274327e-02    7.76420642e-01
380     -3.30000000e-01   -5.65791207e-02    7.75996027e-01
381     -3.29000000e-01   -5.60305061e-02    7.75572623e-01
382     -3.28000000e-01   -5.54815891e-02    7.75150421e-01
383     -3.27000000e-01   -5.49323701e-02    7.74729414e-01
384     -3.26000000e-01   -5.43828495e-02    7.74309595e-01
385     -3.25000000e-01   -5.38330276e-02    7.73890956e-01
386     -3.24000000e-01   -5.32829048e-02    7.73473491e-01
387     -3.23000000e-01   -5.27324814e-02    7.73057193e-01
388     -3.22000000e-01   -5.21817579e-02    7.72642054e-01
389     -3.21000000e-01   -5.16307345e-02    7.72228068e-01
390     -3.20000000e-01   -5.10794116e-02    7.71815229e-01
391     -3.19000000e-01   -5.05277896e-02    7.71403530e-01
392     -3.18000000e-01   -4.99758688e-02    7.70992964e-01
393     -3.17000000e-01   -4.94236496e-02    7.70583527e-01
394     -3.16000000e-01   -4.88711323e-02    7.70175210e-01
395     -3.15000000e-01   -4.83183174e-02    7.69768010e-01
396     -3.14000000e-01   -4.77652051e-02    7.69361919e-01
397     -3.13000000e-01   -4.72117958e-02    7.68956933e-01
398     -3.12000000e-01   -4.66580899e-02    7.68553046e-01
399     -3.11000000e-01   -4.61040877e-02    7.68150252e-01
400     -3.10000000e-01   -4.55497896e-02    7.67748547e-01
401     -3.09000000e-01   -4.49951959e-02    7.67347925e-01
402     -3.08000000e-01   -4.44403070e-02    7.66948381e-01
403     -3.07000000e-01   -4.38851233e-02    7.66549912e-01
404     -3.06000000e-01   -4.33296450e-02    7.66152511e-01
405     -3.05000000e-01   -4.27738726e-02    7.65756176e-01
406     -3.04000000e-01   -4.22178063e-02    7.65360900e-01
407     -3.03000000e-01   -4.16614467e-02    7.64966681e-01
408     -3.02000000e-01   -4.11047939e-02    7.64573515e-01
409     -3.01000000e-01   -4.05478484e-02    7.64181397e-01
410     -3.00000000e-01   -3.99906104e-02    7.63790323e-01
411     -2.99000000e-01   -3.94330804e-02    7.63400290e-01
412     -2.98000000e-01   -3.88752587e-02    7.63011296e-01
413     -2.97000000e-01   -3.83171457e-02    7.62623335e-01
414     -2.96000000e-01   -3.77587417e-02    7.62236406e-01
415     -2.95000000e-01   -3.72000470e-02    7.61850505e-01
416     -2.94000000e-01   -3.66410620e-02    7.61465630e-01
417     -2.93000000e-01   -3.60817870e-02    7.61081777e-01
418     -2.92000000e-01   -3.55222224e-02    7.60698944e-01
419     -2.91000000e-01   -3.49623685e-02    7.60317129e-01
420     -2.90000000e-01   -3.44022258e-02    7.59936330e-01
421     -2.89000000e-01   -3.38417944e-02    7.59556544e-01
422     -2.88000000e-01   -3.32810748e-02    7.59177769e-01
423     -2.87000000e-01   -3.27200673e-02    7.58800004e-01
424     -2.86000000e-01   -3.21587723e-02    7.58423246e-01
425     -2.85000000e-01   -3.15971900e-02    7.58047495e-01
426     -2.84000000e-01   -3.10353209e-02    7.57672748e-01
427     -2.83000000e-01   -3.04731653e-02    7.57299005e-01
428     -2.82000000e-01   -2.99107235e-02    7.56926264e-01
429     -2.81000000e-01   -2.93479958e-02    7.56554524e-01
430     -2.80000000e-01   -2.87849826e-02    7.56183785e-01
431     -2.79000000e-01   -2.82216843e-02    7.55814046e-01
432     -2.78000000e-01   -2.76581011e-02    7.55445305e-01
433     -2.77000000e-01   -2.70942335e-02    7.55077563e-01
434     -2.76000000e-01   -2.65300817e-02    7.54710819e-01
435     -2.75000000e-01   -2.59656461e-02    7.54345073e-01
436     -2.74000000e-01   -2.54009270e-02    7.53980325e-01
437     -2.73000000e-01   -2.48359247e-02    7.53616575e-01
438     -2.72000000e-01   -2.42706396e-02    7.53253823e-01
439     -2.71000000e-01   -2.37050721e-02    7.52892069e-01
440     -2.70000000e-01   -2.31392224e-02    7.52531314e-01
441     -2.69000000e-01   -2.25730909e-02    7.52171558e-01
442     -2.68000000e-01   -2.20066779e-02    7.51812802e-01
443     -2.67000000e-01   -2.14399838e-02    7.51455046e-01
444     -2.66000000e-01   -2.08730088e-02    7.51098292e-01
445     -2.65000000e-01   -2.03057534e-02    7.50742541e-01
446     -2.64000000e-01   -1.97382178e-02    7.50387793e-01
447     -2.63000000e-01   -1.91704023e-02    7.50034051e-01
448     -2.62000000e-01   -1.86023074e-02    7.49681314e-01
449     -2.61000000e-01   -1.80339333e-02    7.49329586e-01
450     -2.60000000e-01   -1.74652803e-02    7.48978866e-01
451     -2.59000000e-01   -1.68963487e-02    7.48629158e-01
452     -2.58000000e-01   -1.63271390e-02    7.48280462e-01
453     -2.57000000e-01   -1.57576514e-02    7.47932781e-01
454     -2.56000000e-01   -1.51878862e-02    7.47586116e-01
455     -2.55000000e-01   -1.46178438e-02    7.47240471e-01
456     -2.54000000e-01   -1.40475245e-02    7.46895846e-01
457     -2.53000000e-01   -1.34769286e-02    7.46552244e-01
458     -2.52000000e-01   -1.29060564e-02    7.46209669e-01
459     -2.51000000e-01   -1.23349082e-02    7.45868121e-01
460     -2.50000000e-01   -1.17634845e-02    7.45527604e-01
461     -2.49000000e-01   -1.11917853e-02    7.45188120e-01
462     -2.48000000e-01   -1.06198112e-02    7.44849672e-01
463     -2.47000000e-01   -1.00475624e-02    7.44512264e-01
464     -2.46000000e-01   -9.47503926e-03    7.44175897e-01
465     -2.45000000e-01   -8.90224202e-03    7.43840575e-01
466     -2.44000000e-01   -8.32917104e-03    7.43506302e-01
467     -2.43000000e-01   -7.75582663e-03    7.43173079e-01
468     -2.42000000e-01   -7.18220910e-03    7.42840911e-01
469     -2.41000000e-01   -6.60831875e-03    7.42509801e-01
470     -2.40000000e-01   -6.03415591e-03    7.42179752e-01
471     -2.39000000e-01   -5.45972088e-03    7.41850768e-01
472     -2.38000000e-01   -4.88501397e-03    7.41522853e-01
473     -2.37000000e-01   -4.31003548e-03    7.41196009e-01
474     -2.36000000e-01   -3.73478573e-03    7.40870241e-01
475     -2.35000000e-01   -3.15926502e-03    7.40545553e-01
476     -2.34000000e-01   -2.58347366e-03    7.40221948e-01
477     -2.33000000e-01   -2.00741194e-03    7.39899430e-01
478     -2.32000000e-01   -1.43108018e-03    7.39578003e-01
479     -2.31000000e-01   -8.54478671e-04    7.39257671e-01
480     -2.30000000e-01   -2.77607723e-04    7.38938439e-01
481     -2.29000000e-01    2.99532365e-04    7.38620310e-01
482     -2.28000000e-01    8.76941293e-04    7.38303288e-01
483     -2.27000000e-01    1.45461876e-03    7.37987379e-01
484     -2.26000000e-01    2.03256447e-03    7.37672585e-01
485     -2.25000000e-01    2.61077813e-03    7.37358912e-01
486     -2.24000000e-01    3.18925943e-03    7.37046364e-01
487     -2.23000000e-01    3.76800809e-03    7.36734945e-01
488     -2.22000000e-01    4.34702380e-03    7.36424659e-01
489     -2.21000000e-01    4.92630628e-03    7.36115512e-01
490     -2.20000000e-01    5.50585522e-03    7.35807508e-01
491     -2.19000000e-01    6.08567034e-03    7.35500651e-01
492     -2.18000000e-01    6.66575135e-03    7.35194945e-01
493     -2.17000000e-01    7.24609795e-03    7.34890397e-01
494     -2.16000000e-01    7.82670985e-03    7.34587010e-01
495     -2.15000000e-01    8.40758677e-03    7.34284789e-01
496     -2.14000000e-01    8.98872842e-03    7.33983738e-01
497     -2.13000000e-01    9.57013451e-03    7.33683863e-01
498     -2.12000000e-01    1.01518048e-02    7.33385169e-01
499     -2.11000000e-01    1.07337389e-02    7.33087660e-01
500     -2.10000000e-01    1.13159366e-02    7.32791340e-01
501     -2.09000000e-01    1.18983976e-02    7.32496216e-01
502     -2.08000000e-01    1.24811216e-02    7.32202291e-01
503     -2.07000000e-01    1.30641083e-02    7.31909571e-01
504     -2.06000000e-01    1.36473575e-02    7.31618060e-01
505     -2.05000000e-01    1.42308689e-02    7.31327764e-01
506     -2.04000000e-01    1.48146422e-02    7.31038688e-01
507     -2.03000000e-01    1.53986771e-02    7.30750836e-01
508     -2.02000000e-01    1.59829734e-02    7.30464213e-01
509     -2.01000000e-01    1.65675307e-02    7.30178825e-01
510     -2.00000000e-01    1.71523488e-02    7.29894676e-01
511     -1.99000000e-01    1.77374274e-02    7.29611772e-01
512     -1.98000000e-01    1.83227663e-02    7.29330117e-01
513     -1.97000000e-01    1.89083651e-02    7.29049716e-01
514     -1.96000000e-01    1.94942236e-02    7.28770575e-01
515     -1.95000000e-01    2.00803416e-02    7.28492699e-01
516     -1.94000000e-01    2.06667187e-02    7.28216092e-01
517     -1.93000000e-01    2.12533547e-02    7.27940759e-01
518     -1.92000000e-01    2.18402494e-02    7.27666707e-01
519     -1.91000000e-01    2.24274024e-02    7.27393938e-01
520     -1.90000000e-01    2.30148134e-02    7.27122460e-01
521     -1.89000000e-01    2.36024823e-02    7.26852276e-01
522     -1.88000000e-01    2.41904088e-02    7.26583393e-01
523     -1.87000000e-01    2.47785926e-02    7.26315814e-01
524     -1.86000000e-01    2.53670334e-02    7.26049545e-01
525     -1.85000000e-01    2.59557309e-02    7.25784591e-01
526     -1.84000000e-01    2.65446850e-02    7.25520957e-01
527     -1.83000000e-01    2.71338954e-02    7.25258647e-01
528     -1.82000000e-01    2.77233617e-02    7.24997668e-01
529     -1.81000000e-01    2.83130838e-02    7.24738025e-01
530     -1.80000000e-01    2.89030614e-02    7.24479721e-01
531     -1.79000000e-01    2.94932942e-02    7.24222762e-01
532     -1.78000000e-01    3.00837819e-02    7.23967154e-01
533     -1.77000000e-01    3.06745244e-02    7.23712901e-01
534     -1.76000000e-01    3.12655214e-02    7.23460008e-01
535     -1.75000000e-01    3.18567725e-02    7.23208480e-01
536     -1.74000000e-01    3.24482777e-02    7.22958323e-01
537     -1.73000000e-01    3.30400365e-02    7.22709541e-01
538     -1.72000000e-01    3.36320488e-02    7.22462140e-01
539     -1.71000000e-01    3.42243144e-02    7.22216124e-01
540     -1.70000000e-01    3.48168329e-02    7.21971498e-01
541     -1.69000000e-01    3.54096041e-02    7.21728268e-01
542     -1.68000000e-01    3.60026279e-02    7.21486438e-01
543     -1.67000000e-01    3.65959038e-02    7.21246014e-01
544     -1.66000000e-01    3.71894318e-02    7.21007000e-01
545     -1.65000000e-01    3.77832115e-02    7.20769402e-01
546     -1.64000000e-01    3.83772427e-02    7.20533224e-01
547     -1.63000000e-01    3.89715252e-02    7.20298473e-01
548     -1.62000000e-01    3.95660588e-02    7.20065151e-01
549     -1.61000000e-01    4.01608431e-02    7.19833266e-01
550     -1.60000000e-01    4.07558780e-02    7.19602822e-01
551     -1.59000000e-01    4.13511632e-02    7.19373823e-01
552     -1.58000000e-01    4.19466985e-02    7.19146275e-01
553     -1.57000000e-01    4.25424837e-02    7.18920184e-01
554     -1.56000000e-01    4.31385184e-02    7.18695554e-01
555     -1.55000000e-01    4.37348026e-02    7.18472390e-01
556     -1.54000000e-01    4.43313360e-02    7.18250698e-01
557     -1.53000000e-01    4.49281182e-02    7.18030482e-01
558     -1.52000000e-01    4.55251492e-02    7.17811749e-01
559     -1.51000000e-01    4.61224286e-02    7.17594502e-01
560     -1.50000000e-01    4.67199563e-02    7.17378748e-01
561     -1.49000000e-01    4.73177320e-02    7.17164491e-01
562     -1.48000000e-01    4.79157555e-02    7.16951737e-01
563     -1.47000000e-01    4.85140265e-02    7.16740491e-01
564     -1.46000000e-01    4.91125449e-02    7.16530759e-01
565     -1.45000000e-01    4.97113105e-02    7.16322546e-01
566     -1.44000000e-01    5.03103229e-02    7.16115856e-01
567     -1.43000000e-01    5.09095820e-02    7.15910697e-01
568     -1.42000000e-01    5.15090876e-02    7.15707073e-01
569     -1.41000000e-01    5.21088394e-02    7.15504989e-01
570     -1.40000000e-01    5.27088373e-02    7.15304452e-01
571     -1.39000000e-01    5.33090809e-02    7.15105466e-01
572     -1.38000000e-01    5.39095702e-02    7.14908038e-01
573     -1.37000000e-01    5.45103048e-02    7.14712173e-01
574     -1.36000000e-01    5.51112846e-02    7.14517877e-01
575     -1.35000000e-01    5.57125094e-02    7.14325155e-01
576     -1.34000000e-01    5.63139789e-02    7.14134014e-01
577     -1.33000000e-01    5.69156929e-02    7.13944460e-01
578     -1.32000000e-01    5.75176513e-02    7.13756497e-01
579     -1.31000000e-01    5.81198538e-02    7.13570133e-01
580     -1.30000000e-01    5.87223002e-02    7.13385374e-01
581     -1.29000000e-01    5.93249903e-02    7.13202225e-01
582     -1.28000000e-01    5.99279238e-02    7.13020693e-01
583     -1.27000000e-01    6.05311007e-02    7.12840784e-01
584     -1.26000000e-01    6.11345207e-02    7.12662505e-01
585     -1.25000000e-01    6.17381835e-02    7.12485861e-01
586     -1.24000000e-01    6.23420891e-02    7.12310860e-01
587     -1.23000000e-01    6.29462371e-02    7.12137508e-01
588     -1.22000000e-01    6.35506274e-02    7.11965812e-01
589     -1.21000000e-01    6.41552598e-02    7.11795778e-01
590     -1.20000000e-01    6.47601341e-02    7.11627414e-01
591     -1.19000000e-01    6.53652500e-02    7.11460725e-01
592     -1.18000000e-01    6.59706075e-02    7.11295721e-01
593     -1.17000000e-01    6.65762062e-02    7.11132406e-01
594     -1.16000000e-01    6.71820461e-02    7.10970790e-01
595     -1.15000000e-01    6.77881268e-02    7.10810878e-01
596     -1.14000000e-01    6.83944483e-02    7.10652679e-01
597     -1.13000000e-01    6.90010103e-02    7.10496200e-01
598     -1.12000000e-01    6.96078127e-02    7.10341449e-01
599     -1.11000000e-01    7.02148552e-02    7.10188434e-01
600     -1.10000000e-01    7.08221376e-02    7.10037162e-01
601     -1.09000000e-01    7.14296598e-02    7.09887642e-01
602     -1.08000000e-01    7.20374217e-02    7.09739882e-01
603     -1.07000000e-01    7.26454229e-02    7.09593889e-01
604     -1.06000000e-01    7.32536633e-02    7.09449673e-01
605     -1.05000000e-01    7.38621427e-02    7.09307243e-01
606     -1.04000000e-01    7.44708610e-02    7.09166606e-01
607     -1.03000000e-01    7.50798180e-02    7.09027771e-01
608     -1.02000000e-01    7.56890134e-02    7.08890748e-01
609     -1.01000000e-01    7.62984471e-02    7.08755546e-01
610     -1.00000000e-01    7.69081190e-02    7.08622174e-01
611     -9.90000000e-02    7.75180288e-02    7.08490642e-01
612     -9.80000000e-02    7.81281764e-02    7.08360959e-01
613     -9.70000000e-02    7.87385615e-02    7.08233134e-01
614     -9.60000000e-02    7.93491841e-02    7.08107179e-01
615     -9.50000000e-02    7.99600439e-02    7.07983102e-01
616     -9.40000000e-02    8.05711408e-02    7.07860914e-01
617     -9.30000000e-02    8.11824746e-02    7.07740627e-01
618     -9.20000000e-02    8.17940450e-02    7.07622249e-01
619     -9.10000000e-02    8.24058521e-02    7.07505793e-01
620     -9.00000000e-02    8.30178955e-02    7.07391268e-01
621     -8.90000000e-02    8.36301751e-02    7.07278687e-01
622     -8.80000000e-02    8.42426907e-02    7.07168061e-01
623     -8.70000000e-02    8.48554422e-02    7.07059401e-01
624     -8.60000000e-02    8.54684294e-02    7.06952719e-01
625     -8.50000000e-02    8.60816521e-02    7.06848027e-01
626     -8.40000000e-02    8.66951102e-02    7.06745338e-01
627     -8.30000000e-02    8.73088034e-02    7.06644663e-01
628     -8.20000000e-02    8.79227318e-02    7.06546015e-01
629     -8.10000000e-02    8.85368949e-02    7.06449408e-01
630     -8.00000000e-02    8.91512928e-02    7.06354853e-01
631     -7.90000000e-02    8.97659252e-02    7.06262366e-01
632     -7.80000000e-02    9.03807920e-02    7.06171958e-01
633     -7.70000000e-02    9.09958930e-02    7.06083644e-01
634     -7.60000000e-02    9.16112281e-02    7.05997438e-01
635     -7.50000000e-02    9.22267971e-02    7.05913354e-01
636     -7.40000000e-02    9.28425998e-02    7.05831406e-01
637     -7.30000000e-02    9.34586361e-02    7.05751610e-01
638     -7.20000000e-02    9.40749058e-02    7.05673980e-01
639     -7.10000000e-02    9.46914087e-02    7.05598531e-01
640     -7.00000000e-02    9.53081448e-02    7.05525280e-01
641     -6.90000000e-02    9.59251138e-02    7.05454241e-01
642     -6.80000000e-02    9.65423156e-02    7.05385431e-01
643     -6.70000000e-02    9.71597501e-02    7.05318866e-01
644     -6.60000000e-02    9.77774170e-02    7.05254563e-01
645     -6.50000000e-02    9.83953163e-02    7.05192539e-01
646     -6.40000000e-02    9.90134477e-02    7.05132810e-01
647     -6.30000000e-02    9.96318111e-02    7.05075394e-01
648     -6.20000000e-02    1.00250406e-01    7.05020310e-01
649     -6.10000000e-02    1.00869233e-01    7.04967574e-01
650     -6.00000000e-02    1.01488292e-01    7.04917206e-01
651     -5.90000000e-02    1.02107582e-01    7.04869224e-01
652     -5.80000000e-02    1.02727103e-01    7.04823646e-01
653     -5.70000000e-02    1.03346856e-01    7.04780493e-01
654     -5.60000000e-02    1.03966839e-01    7.04739783e-01
655     -5.50000000e-02    1.04587053e-01    7.04701537e-01
656     -5.40000000e-02    1.05207498e-01    7.04665775e-01
657     -5.30000000e-02    1.05828173e-01    7.04632517e-01
658     -5.20000000e-02    1.06449079e-01    7.04601784e-01
659     -5.10000000e-02    1.07070215e-01    7.04573597e-01
660     -5.00000000e-02    1.07691581e-01    7.04547978e-01
661     -4.90000000e-02    1.08313176e-01    7.04524949e-01
662     -4.80000000e-02    1.08935002e-01    7.04504532e-01
663     -4.70000000e-02    1.09557057e-01    7.04486749e-01
664     -4.60000000e-02    1.10179342e-01    7.04471623e-01
665     -4.50000000e-02    1.10801856e-01    7.04459178e-01
666     -4.40000000e-02    1.11424599e-01    7.04449438e-01
667     -4.30000000e-02    1.12047571e-01    7.04442425e-01
668     -4.20000000e-02    1.12670772e-01    7.04438164e-01
669     -4.10000000e-02    1.13294202e-01    7.04436681e-01
670     -4.00000000e-02    1.13917860e-01    7.04438000e-01
671     -3.90000000e-02    1.14541747e-01    7.04442146e-01
672     -3.80000000e-02    1.15165862e-01    7.04449145e-01
673     -3.70000000e-02    1.15790205e-01    7.04459024e-01
674     -3.60000000e-02    1.16414776e-01    7.04471809e-01
675     -3.50000000e-02    1.17039575e-01    7.04487526e-01
676     -3.40000000e-02    1.17664602e-01    7.04506203e-01
677     -3.30000000e-02    1.18289856e-01    7.04527868e-01
678     -3.20000000e-02    1.18915337e-01    7.04552549e-01
679     -3.10000000e-02    1.19541046e-01    7.04580274e-01
680     -3.00000000e-02    1.20166981e-01    7.04611071e-01
681     -2.90000000e-02    1.20793144e-01    7.04644971e-01
682     -2.80000000e-02    1.21419533e-01    7.04682001e-01
683     -2.70000000e-02    1.22046149e-01    7.04722194e-01
684     -2.60000000e-02    1.22672992e-01    7.04765577e-01
685     -2.50000000e-02    1.23300061e-01    7.04812184e-01
686     -2.40000000e-02    1.23927355e-01    7.04862043e-01
687     -2.30000000e-02    1.24554876e-01    7.04915188e-01
688     -2.20000000e-02    1.25182623e-01    7.04971648e-01
689     -2.10000000e-02    1.25810595e-01    7.05031458e-01
690     -2.00000000e-02    1.26438793e-01    7.05094649e-01
691     -1.90000000e-02    1.27067216e-01    7.05161254e-01
692     -1.80000000e-02    1.27695864e-01    7.05231307e-01
693     -1.70000000e-02    1.28324737e-01    7.05304841e-01
694     -1.60000000e-02    1.28953835e-01    7.05381890e-01
695     -1.50000000e-02    1.29583158e-01    7.05462489e-01
696     -1.40000000e-02    1.30212705e-01    7.05546672e-01
697     -1.30000000e-02    1.30842477e-01    7.05634474e-01
698     -1.20000000e-02    1.31472472e-01    7.05725931e-01
699     -1.10000000e-02    1.32102692e-01    7.05821078e-01
700     -1.00000000e-02    1.32733135e-01    7.05919952e-01
701     -9.00000000e-03    1.33363802e-01    7.06022589e-01
702     -8.00000000e-03    1.33994693e-01    7.06129025e-01
703     -7.00000000e-03    1.34625806e-01    7.06239298e-01
704     -6.00000000e-03    1.35257143e-01    7.06353444e-01
705     -5.00000000e-03    1.35888703e-01    7.06471502e-01
706     -4.00000000e-03    1.36520485e-01    7.06593509e-01
707     -3.00000000e-03    1.37152490e-01    7.06719504e-01
708     -2.00000000e-03    1.37784717e-01    7.06849524e-01
709     -1.00000000e-03    1.38417166e-01    7.06983609e-01
710      0.00000000e+00    1.39049837e-01    7.07121797e-01
711      1.00000000e-03    1.39682730e-01    7.07264127e-01
712      2.00000000e-03    1.40315844e-01    7.07410638e-01
713      3.00000000e-03    1.40949180e-01    7.07561370e-01
714      4.00000000e-03    1.41582737e-01    7.07716362e-01
715      5.00000000e-03    1.42216514e-01    7.07875654e-01
716      6.00000000e-03    1.42850512e-01    7.08039286e-01
717      7.00000000e-03    1.43484731e-01    7.08207298e-01
718      8.00000000e-03    1.44119169e-01    7.08379730e-01
719      9.00000000e-03    1.44753828e-01    7.08556621e-01
720      1.00000000e-02    1.45388706e-01    7.08738013e-01
721      1.10000000e-02    1.46023804e-01    7.08923944e-01
722      1.20000000e-02    1.46659121e-01    7.09114456e-01
723      1.30000000e-02    1.47294657e-01    7.09309587e-01
724      1.40000000e-02    1.47930412e-01    7.09509379e-01
725      1.50000000e-02    1.48566386e-01    7.09713871e-01
726      1.60000000e-02    1.49202577e-01    7.09923104e-01
727      1.70000000e-02    1.49838986e-01    7.10137115e-01
728      1.80000000e-02    1.50475614e-01    7.10355946e-01
729      1.90000000e-02    1.51112458e-01    7.10579635e-01
730      2.00000000e-02    1.51749520e-01    7.10808222e-01
731      2.10000000e-02    1.52386798e-01    7.11041745e-01
732      2.20000000e-02    1.53024293e-01    7.11280242e-01
733      2.30000000e-02    1.53662004e-01    7.11523751e-01
734      2.40000000e-02    1.54299931e-01    7.11772311e-01
735      2.50000000e-02    1.54938074e-01    7.12025958e-01
736      2.60000000e-02    1.55576432e-01    7.12284730e-01
737      2.70000000e-02    1.56215005e-01    7.12548662e-01
738      2.80000000e-02    1.56853792e-01    7.12817790e-01
739      2.90000000e-02    1.57492794e-01    7.13092149e-01
740      3.00000000e-02    1.58132010e-01    7.13371774e-01
741      3.10000000e-02    1.58771439e-01    7.13656698e-01
742      3.20000000e-02    1.59411082e-01    7.13946955e-01
743      3.30000000e-02    1.60050937e-01    7.14242576e-01
744      3.40000000e-02    1.60691005e-01    7.14543594e-01
745      3.50000000e-02    1.61331285e-01    7.14850038e-01
746      3.60000000e-02    1.61971776e-01    7.15161939e-01
747      3.70000000e-02    1.62612479e-01    7.15479325e-01
748      3.80000000e-02    1.63253393e-01    7.15802224e-01
749      3.90000000e-02    1.63894517e-01    7.16130662e-01
750      4.00000000e-02    1.64535850e-01    7.16464665e-01
751      4.10000000e-02    1.65177394e-01    7.16804258e-01
752      4.20000000e-02    1.65819146e-01    7.17149462e-01
753      4.30000000e-02    1.66461108e-01    7.17500301e-01
754      4.40000000e-02    1.67103277e-01    7.17856795e-01
755      4.50000000e-02    1.67745654e-01    7.18218963e-01
756      4.60000000e-02    1.68388238e-01    7.18586822e-01
757      4.70000000e-02    1.69031028e-01    7.18960390e-01
758      4.80000000e-02    1.69674025e-01    7.19339681e-01
759      4.90000000e-02    1.70317227e-01    7.19724708e-01
760      5.00000000e-02    1.70960634e-01    7.20115484e-01
761      5.10000000e-02    1.71604246e-01    7.20512017e-01
762      5.20000000e-02    1.72248061e-01    7.20914318e-01
763      5.30000000e-02    1.72892080e-01    7.21322391e-01
764      5.40000000e-02    1.73536301e-01    7.21736244e-01
765      5.50000000e-02    1.74180724e-01    7.22155878e-01
766      5.60000000e-02    1.74825349e-01    7.22581295e-01
767      5.70000000e-02    1.75470175e-01    7.23012494e-01
768      5.80000000e-02    1.76115200e-01    7.23449474e-01
769      5.90000000e-02    1.76760425e-01    7.23892231e-01
770      6.00000000e-02    1.77405849e-01    7.24340757e-01
771      6.10000000e-02    1.78051470e-01    7.24795045e-01
772      6.20000000e-02    1.78697289e-01    7.25255085e-01
773      6.30000000e-02    1.79343305e-01    7.25720865e-01
774      6.40000000e-02    1.79989516e-01    7.26192370e-01
775      6.50000000e-02    1.80635922e-01    7.26669585e-01
776      6.60000000e-02    1.81282522e-01    7.27152492e-01
777      6.70000000e-02    1.81929315e-01    7.27641071e-01
778      6.80000000e-02    1.82576301e-01    7.28135299e-01
779      6.90000000e-02    1.83223479e-01    7.28635152e-01
780      7.00000000e-02    1.83870848e-01    7.29140605e-01
781      7.10000000e-02    1.84518406e-01    7.29651629e-01
782      7.20000000e-02    1.85166153e-01    7.30168194e-01
783      7.30000000e-02    1.85814088e-01    7.30690268e-01
784      7.40000000e-02    1.86462210e-01    7.31217817e-01
785      7.50000000e-02    1.87110518e-01    7.31750806e-01
786      7.60000000e-02    1.87759012e-01    7.32289196e-01
787      7.70000000e-02    1.88407689e-01    7.32832947e-01
788      7.80000000e-02    1.89056549e-01    7.33382019e-01
789      7.90000000e-02    1.89705591e-01    7.33936368e-01
790      8.00000000e-02    1.90354814e-01    7.34495948e-01
791      8.10000000e-02    1.91004216e-01    7.35060714e-01
792      8.20000000e-02    1.91653797e-01    7.35630617e-01
793      8.30000000e-02    1.92303555e-01    7.36205607e-01
794      8.40000000e-02    1.92953489e-01    7.36785632e-01
795      8.50000000e-02    1.93603598e-01    7.37370640e-01
796      8.60000000e-02    1.94253881e-01    7.37960575e-01
797      8.70000000e-02    1.94904335e-01    7.38555383e-01
798      8.80000000e-02    1.95554961e-01    7.39155005e-01
799      8.90000000e-02    1.96205756e-01    7.39759384e-01
800      9.00000000e-02    1.96856720e-01    7.40368460e-01
801      9.10000000e-02    1.97507850e-01    7.40982172e-01
802      9.20000000e-02    1.98159146e-01    7.41600459e-01
803      9.30000000e-02    1.98810606e-01    7.42223257e-01
804      9.40000000e-02    1.99462228e-01    7.42850503e-01
805      9.50000000e-02    2.00114011e-01    7.43482132e-01
806      9.60000000e-02    2.00765954e-01    7.44118079e-01
807      9.70000000e-02    2.01418054e-01    7.44758279e-01
808      9.80000000e-02    2.02070310e-01    7.45402663e-01
809      9.90000000e-02    2.02722720e-01    7.46051165e-01
810      1.00000000e-01    2.03375284e-01    7.46703717e-01
811      1.01000000e-01    2.04027998e-01    7.47360251e-01
812      1.02000000e-01    2.04680862e-01    7.48020699e-01
813      1.03000000e-01    2.05333873e-01    7.48684990e-01
814      1.04000000e-01    2.05987029e-01    7.49353057e-01
815      1.05000000e-01    2.06640329e-01    7.50024829e-01
816      1.06000000e-01    2.07293772e-01    7.50700238e-01
817      1.07000000e-01    2.07947354e-01    7.51379214e-01
818      1.08000000e-01    2.08601073e-01    7.52061687e-01
819      1.09000000e-01    2.09254929e-01    7.52747588e-01
820      1.10000000e-01    2.09908918e-01    7.53436847e-01
821      1.11000000e-01    2.10563039e-01    7.54129396e-01
822      1.12000000e-01    2.11217290e-01    7.54825166e-01
823      1.13000000e-01    2.11871668e-01    7.55524088e-01
824      1.14000000e-01    2.12526171e-01    7.56226093e-01
825      1.15000000e-01    2.13180796e-01    7.56931114e-01
826      1.16000000e-01    2.13835543e-01    7.57639083e-01
827      1.17000000e-01    2.14490407e-01    7.58349933e-01
828      1.18000000e-01    2.15145387e-01    7.59063598e-01
829      1.19000000e-01    2.15800481e-01    7.59780011e-01
830      1.20000000e-01    2.16455685e-01    7.60499108e-01
831      1.21000000e-01    2.17110998e-01    7.61220823e-01
832      1.22000000e-01    2.17766416e-01    7.61945092e-01
833      1.23000000e-01    2.18421938e-01    7.62671853e-01
834      1.24000000e-01    2.19077560e-01    7.63401041e-01
835      1.25000000e-01    2.19733280e-01    7.64132595e-01
836      1.26000000e-01    2.20389095e-01    7.64866453e-01
837      1.27000000e-01    2.21045002e-01    7.65602555e-01
838      1.28000000e-01    2.21700999e-01    7.66340842e-01
839      1.29000000e-01    2.22357082e-01    7.67081254e-01
840      1.30000000e-01    2.23013249e-01    7.67823733e-01
841      1.31000000e-01    2.23669497e-01    7.68568222e-01
842      1.32000000e-01    2.24325822e-01    7.69314664e-01
843      1.33000000e-01    2.24982222e-01    7.70063004e-01
844      1.34000000e-01    2.25638694e-01    7.70813187e-01
845      1.35000000e-01    2.26295234e-01    7.71565160e-01
846      1.36000000e-01    2.26951839e-01    7.72318869e-01
847      1.37000000e-01    2.27608507e-01    7.73074262e-01
848      1.38000000e-01    2.28265233e-01    7.73831288e-01
849      1.39000000e-01    2.28922014e-01    7.74589898e-01
850      1.40000000e-01    2.29578848e-01    7.75350040e-01
851      1.41000000e-01    2.30235730e-01    7.76111668e-01
852      1.42000000e-01    2.30892658e-01    7.76874734e-01
853      1.43000000e-01    2.31549628e-01    7.77639190e-01
854      1.44000000e-01    2.32206636e-01    7.78404993e-01
855      1.45000000e-01    2.32863678e-01    7.79172102e-01
856      1.46000000e-01    2.33520752e-01    7.79940473e-01
857      1.47000000e-01    2.34177854e-01    7.80710063e-01
858      1.48000000e-01    2.34834979e-01    7.81480829e-01
859      1.49000000e-01    2.35492125e-01    7.82252728e-01
860      1.50000000e-01    2.36149287e-01    7.83025721e-01
861      1.51000000e-01    2.36806462e-01    7.83799766e-01
862      1.52000000e-01    2.37463645e-01    7.84574824e-01
863      1.53000000e-01    2.38120835e-01    7.85350858e-01
864      1.54000000e-01    2.38778025e-01    7.86127829e-01
865      1.55000000e-01    2.39435213e-01    7.86905701e-01
866      1.56000000e-01    2.40092394e-01    7.87684438e-01
867      1.57000000e-01    2.40749566e-01    7.88464005e-01
868      1.58000000e-01    2.41406723e-01    7.89244367e-01
869      1.59000000e-01    2.42063861e-01    7.90025491e-01
870      1.60000000e-01    2.42720978e-01    7.90807345e-01
871      1.61000000e-01    2.43378069e-01    7.91589897e-01
872      1.62000000e-01    2.44035130e-01    7.92373114e-01
873      1.63000000e-01    2.44692157e-01    7.93156968e-01
874      1.64000000e-01    2.45349146e-01    7.93941428e-01
875      1.65000000e-01    2.46006093e-01    7.94726464e-01
876      1.66000000e-01    2.46662994e-01    7.95512050e-01
877      1.67000000e-01    2.47319845e-01    7.96298156e-01
878      1.68000000e-01    2.47976643e-01    7.97084756e-01
879      1.69000000e-01    2.48633383e-01    7.97871824e-01
880      1.70000000e-01    2.49290062e-01    7.98659334e-01
881      1.71000000e-01    2.49946675e-01    7.99447261e-01
882      1.72000000e-01    2.50603220e-01    8.00235579e-01
883      1.73000000e-01    2.51259691e-01    8.01024265e-01
884      1.74000000e-01    2.51916085e-01    8.01813296e-01
885      1.75000000e-01    2.52572399e-01    8.02602649e-01
886      1.76000000e-01    2.53228629e-01    8.03392301e-01
887      1.77000000e-01    2.53884772e-01    8.04182230e-01
888      1.78000000e-01    2.54540823e-01    8.04972415e-01
889      1.79000000e-01    2.55196779e-01    8.05762835e-01
890      1.80000000e-01    2.55852638e-01    8.06553470e-01
891      1.81000000e-01    2.56508395e-01    8.07344299e-01
892      1.82000000e-01    2.57164048e-01    8.08135303e-01
893      1.83000000e-01    2.57819593e-01    8.08926463e-01
894      1.84000000e-01    2.58475028e-01    8.09717760e-01
895      1.85000000e-01    2.59130350e-01    8.10509176e-01
896      1.86000000e-01    2.59785555e-01    8.11300692e-01
897      1.87000000e-01    2.60440641e-01    8.12092291e-01
898      1.88000000e-01    2.61095606e-01    8.12883955e-01
899      1.89000000e-01    2.61750448e-01    8.13675668e-01
900      1.90000000e-01    2.62405163e-01    8.14467413e-01
901      1.91000000e-01    2.63059751e-01    8.15259173e-01
902      1.92000000e-01    2.63714209e-01    8.16050931e-01
903      1.93000000e-01    2.64368536e-01    8.16842673e-01
904      1.94000000e-01    2.65022730e-01    8.17634382e-01
905      1.95000000e-01    2.65676790e-01    8.18426044e-01
906      1.96000000e-01    2.66330714e-01    8.19217641e-01
907      1.97000000e-01    2.66984503e-01    8.20009161e-01
908      1.98000000e-01    2.67638155e-01    8.20800586e-01
909      1.99000000e-01    2.68291670e-01    8.21591904e-01
910      2.00000000e-01    2.68945047e-01    8.22383099e-01
911      2.01000000e-01    2.69598288e-01    8.23174157e-01
912      2.02000000e-01    2.70251392e-01    8.23965063e-01
913      2.03000000e-01    2.70904360e-01    8.24755804e-01
914      2.04000000e-01    2.71557192e-01    8.25546365e-01
915      2.05000000e-01    2.72209891e-01    8.26336731e-01
916      2.06000000e-01    2.72862457e-01    8.27126890e-01
917      2.07000000e-01    2.73514893e-01    8.27916827e-01
918      2.08000000e-01    2.74167200e-01    8.28706528e-01
919      2.09000000e-01    2.74819381e-01    8.29495979e-01
920      2.10000000e-01    2.75471440e-01    8.30285166e-01
921      2.11000000e-01    2.76123378e-01    8.31074076e-01
922      2.12000000e-01    2.76775200e-01    8.31862694e-01
923      2.13000000e-01    2.77426910e-01    8.32651006e-01
924      2.14000000e-01    2.78078511e-01    8.33438999e-01
925      2.15000000e-01    2.78730010e-01    8.34226657e-01
926      2.16000000e-01    2.79381417e-01    8.35013968e-01
927      2.17000000e-01    2.80032739e-01    8.35800916e-01
928      2.18000000e-01    2.80683982e-01    8.36587487e-01
929      2.19000000e-01    2.81335152e-01    8.37373667e-01
930      2.20000000e-01    2.81986256e-01    8.38159441e-01
931      2.21000000e-01    2.82637302e-01    8.38944793e-01
932      2.22000000e-01    2.83288298e-01    8.39729709e-01
933      2.23000000e-01    2.83939250e-01    8.40514174e-01
934      2.24000000e-01    2.84590169e-01    8.41298171e-01
935      2.25000000e-01    2.85241062e-01    8.42081686e-01
936      2.26000000e-01    2.85891939e-01    8.42864702e-01
937      2.27000000e-01    2.86542810e-01    8.43647203e-01
938      2.28000000e-01    2.87193685e-01    8.44429172e-01
939      2.29000000e-01    2.87844574e-01    8.45210593e-01
940      2.30000000e-01    2.88495488e-01    8.45991448e-01
941      2.31000000e-01    2.89146439e-01    8.46771720e-01
942      2.32000000e-01    2.89797439e-01    8.47551391e-01
943      2.33000000e-01    2.90448498e-01    8.48330444e-01
944      2.34000000e-01    2.91099631e-01    8.49108858e-01
945      2.35000000e-01    2.91750850e-01    8.49886616e-01
946      2.36000000e-01    2.92402167e-01    8.50663697e-01
947      2.37000000e-01    2.93053598e-01    8.51440082e-01
948      2.38000000e-01    2.93705154e-01    8.52215751e-01
949      2.39000000e-01    2.94356852e-01    8.52990683e-01
950      2.40000000e-01    2.95008706e-01    8.53764856e-01
951      2.41000000e-01    2.95660729e-01    8.54538248e-01
952      2.42000000e-01    2.96312939e-01    8.55310837e-01
953      2.43000000e-01    2.96965350e-01    8.56082600e-01
954      2.44000000e-01    2.97617979e-01    8.56853513e-01
955      2.45000000e-01    2.98270841e-01    8.57623552e-01
956      2.46000000e-01    2.98923952e-01    8.58392692e-01
957      2.47000000e-01    2.99577331e-01    8.59160907e-01
958      2.48000000e-01    3.00230993e-01    8.59928172e-01
959      2.49000000e-01    3.00884956e-01    8.60694459e-01
960      2.50000000e-01    3.01539237e-01    8.61459740e-01
961      2.51000000e-01    3.02193853e-01    8.62223988e-01
962      2.52000000e-01    3.02848824e-01    8.62987172e-01
963      2.53000000e-01    3.03504166e-01    8.63749263e-01
964      2.54000000e-01    3.04159897e-01    8.64510229e-01
965      2.55000000e-01    3.04816036e-01    8.65270040e-01
966      2.56000000e-01    3.05472602e-01    8.66028662e-01
967      2.57000000e-01    3.06129612e-01    8.66786062e-01
968      2.58000000e-01    3.06787086e-01    8.67542205e-01
969      2.59000000e-01    3.07445042e-01    8.68297055e-01
970      2.60000000e-01    3.08103499e-01    8.69050578e-01
971      2.61000000e-01    3.08762476e-01    8.69802734e-01
972      2.62000000e-01    3.09421991e-01    8.70553485e-01
973      2.63000000e-01    3.10082063e-01    8.71302793e-01
974      2.64000000e-01    3.10742712e-01    8.72050616e-01
975      2.65000000e-01    3.11403956e-01    8.72796913e-01
976      2.66000000e-01    3.12065814e-01    8.73541641e-01
977      2.67000000e-01    3.12728304e-01    8.74284756e-01
978      2.68000000e-01    3.13391446e-01    8.75026214e-01
979      2.69000000e-01    3.14055259e-01    8.75765967e-01
980      2.70000000e-01    3.14719760e-01    8.76503970e-01
981      2.71000000e-01    3.15384968e-01    8.77240172e-01
982      2.72000000e-01    3.16050903e-01    8.77974525e-01
983      2.73000000e-01    3.16717581e-01    8.78706978e-01
984      2.74000000e-01    3.17385021e-01    8.79437479e-01
985      2.75000000e-01    3.18053242e-01    8.80165974e-01
986      2.76000000e-01    3.18722261e-01    8.80892409e-01
987      2.77000000e-01    3.19392095e-01    8.81616729e-01
988      2.78000000e-01    3.20062763e-01    8.82338876e-01
989      2.79000000e-01    3.20734282e-01    8.83058793e-01
990      2.80000000e-01    3.21406668e-01    8.83776420e-01
991      2.81000000e-01    3.22079939e-01    8.84491697e-01
992      2.82000000e-01    3.22754111e-01    8.85204564e-01
993      2.83000000e-01    3.23429201e-01    8.85914957e-01
994      2.84000000e-01    3.24105225e-01    8.86622813e-01
995      2.85000000e-01    3.24782199e-01    8.87328067e-01
996      2.86000000e-01    3.25460139e-01    8.88030655e-01
997      2.87000000e-01    3.26139061e-01    8.88730508e-01
998      2.88000000e-01    3.26818979e-01    8.89427561e-01
999      2.89000000e-01    3.27499908e-01    8.90121745e-01
1000     2.90000000e-01    3.28181864e-01    8.90812990e-01
1001     2.91000000e-01    3.28864860e-01    8.91501228e-01
1002     2.92000000e-01    3.29548912e-01    8.92186387e-01
1003     2.93000000e-01    3.30234032e-01    8.92868397e-01
1004     2.94000000e-01    3.30920234e-01    8.93547186e-01
1005     2.95000000e-01    3.31607532e-01    8.94222682e-01
1006     2.96000000e-01    3.32295938e-01    8.94894813e-01
1007     2.97000000e-01    3.32985465e-01    8.95563506e-01
1008     2.98000000e-01    3.33676126e-01    8.96228688e-01
1009     2.99000000e-01    3.34367932e-01    8.96890287e-01
1010     3.00000000e-01    3.35060896e-01    8.97548227e-01
1011     3.01000000e-01    3.35755028e-01    8.98202438e-01
1012     3.02000000e-01    3.36450341e-01    8.98852845e-01
1013     3.03000000e-01    3.37146844e-01    8.99499376e-01
1014     3.04000000e-01    3.37844548e-01    9.00141959e-01
1015     3.05000000e-01    3.38543464e-01    9.00780520e-01
1016     3.06000000e-01    3.39243602e-01    9.01414988e-01
1017     3.07000000e-01    3.39944971e-01    9.02045293e-01
1018     3.08000000e-01    3.40647580e-01    9.02671362e-01
1019     3.09000000e-01    3.41351439e-01    9.03293127e-01
1020     3.10000000e-01    3.42056555e-01    9.03910518e-01
1021     3.11000000e-01    3.42762939e-01    9.04523466e-01
1022     3.12000000e-01    3.43470598e-01    9.05131903e-01
1023     3.13000000e-01    3.44179539e-01    9.05735764e-01
1024     3.14000000e-01    3.44889771e-01    9.06334982e-01
1025     3.15000000e-01    3.45601300e-01    9.06929493e-01
1026     3.16000000e-01    3.46314134e-01    9.07519232e-01
1027     3.17000000e-01    3.47028280e-01    9.08104138e-01
1028     3.18000000e-01    3.47743744e-01    9.08684150e-01
1029     3.19000000e-01    3.48460531e-01    9.09259205e-01
1030     3.20000000e-01    3.49178650e-01    9.09829247e-01
1031     3.21000000e-01    3.49898104e-01    9.10394216e-01
1032     3.22000000e-01    3.50618899e-01    9.10954057e-01
1033     3.23000000e-01    3.51341042e-01    9.11508714e-01
1034     3.24000000e-01    3.52064536e-01    9.12058133e-01
1035     3.25000000e-01    3.52789386e-01    9.12602261e-01
1036     3.26000000e-01    3.53515598e-01    9.13141046e-01
1037     3.27000000e-01    3.54243175e-01    9.13674438e-01
1038     3.28000000e-01    3.54972121e-01    9.14202389e-01
1039     3.29000000e-01    3.55702441e-01    9.14724849e-01
1040     3.30000000e-01    3.56434139e-01    9.15241772e-01
1041     3.31000000e-01    3.57167217e-01    9.15753112e-01
1042     3.32000000e-01    3.57901679e-01    9.16258826e-01
1043     3.33000000e-01    3.58637528e-01    9.16758869e-01
1044     3.34000000e-01    3.59374767e-01    9.17253199e-01
1045     3.35000000e-01    3.60113399e-01    9.17741776e-01
1046     3.36000000e-01    3.60853427e-01    9.18224558e-01
1047     3.37000000e-01    3.61594853e-01    9.18701508e-01
1048     3.38000000e-01    3.62337679e-01    9.19172586e-01
1049     3.39000000e-01    3.63081908e-01    9.19637755e-01
1050     3.40000000e-01    3.63827542e-01    9.20096979e-01
1051     3.41000000e-01    3.64574582e-01    9.20550222e-01
1052     3.42000000e-01    3.65323030e-01    9.20997450e-01
1053     3.43000000e-01    3.66072889e-01    9.21438629e-01
1054     3.44000000e-01    3.66824158e-01    9.21873725e-01
1055     3.45000000e-01    3.67576841e-01    9.22302707e-01
1056     3.46000000e-01    3.68330938e-01    9.22725543e-01
1057     3.47000000e-01    3.69086451e-01    9.23142201e-01
1058     3.48000000e-01    3.69843380e-01    9.23552651e-01
1059     3.49000000e-01    3.70601726e-01    9.23956864e-01
1060     3.50000000e-01    3.71361492e-01    9.24354811e-01
1061     3.51000000e-01    3.72122677e-01    9.24746462e-01
1062     3.52000000e-01    3.72885282e-01    9.25131791e-01
1063     3.53000000e-01    3.73649308e-01    9.25510768e-01
1064     3.54000000e-01    3.74414757e-01    9.25883368e-01
1065     3.55000000e-01    3.75181627e-01    9.26249563e-01
1066     3.56000000e-01    3.75949921e-01    9.26609328e-01
1067     3.57000000e-01    3.76719638e-01    9.26962637e-01
1068     3.58000000e-01    3.77490780e-01    9.27309463e-01
1069     3.59000000e-01    3.78263346e-01    9.27649783e-01
1070     3.60000000e-01    3.79037336e-01    9.27983572e-01
1071     3.61000000e-01    3.79812753e-01    9.28310805e-01
1072     3.62000000e-01    3.80589595e-01    9.28631459e-01
1073     3.63000000e-01    3.81367863e-01    9.28945509e-01
1074     3.64000000e-01    3.82147558e-01    9.29252932e-01
1075     3.65000000e-01    3.82928679e-01    9.29553706e-01
1076     3.66000000e-01    3.83711228e-01    9.29847807e-01
1077     3.67000000e-01    3.84495204e-01    9.30135212e-01
1078     3.68000000e-01    3.85280608e-01    9.30415901e-01
1079     3.69000000e-01    3.86067440e-01    9.30689849e-01
1080     3.70000000e-01    3.86855700e-01    9.30957036e-01
1081     3.71000000e-01    3.87645389e-01    9.31217439e-01
1082     3.72000000e-01    3.88436507e-01    9.31471038e-01
1083     3.73000000e-01    3.89229055e-01    9.31717810e-01
1084     3.74000000e-01    3.90023032e-01    9.31957735e-01
1085     3.75000000e-01    3.90818440e-01    9.32190792e-01
1086     3.76000000e-01    3.91615278e-01    9.32416960e-01
1087     3.77000000e-01    3.92413546e-01    9.32636219e-01
1088     3.78000000e-01    3.93213247e-01    9.32848547e-01
1089     3.79000000e-01    3.94014378e-01    9.33053925e-01
1090     3.80000000e-01    3.94816943e-01    9.33252332e-01
1091     3.81000000e-01    3.95620939e-01    9.33443749e-01
1092     3.82000000e-01    3.96426370e-01    9.33628156e-01
1093     3.83000000e-01    3.97233233e-01    9.33805532e-01
1094     3.84000000e-01    3.98041531e-01    9.33975859e-01
1095     3.85000000e-01    3.98851264e-01    9.34139117e-01
1096     3.86000000e-01    3.99662433e-01    9.34295286e-01
1097     3.87000000e-01    4.00475037e-01    9.34444348e-01
1098     3.88000000e-01    4.01289079e-01    9.34586283e-01
1099     3.89000000e-01    4.02104557e-01    9.34721073e-01
1100     3.90000000e-01    4.02921474e-01    9.34848699e-01
1101     3.91000000e-01    4.03739829e-01    9.34969141e-01
1102     3.92000000e-01    4.04559624e-01    9.35082382e-01
1103     3.93000000e-01    4.05380860e-01    9.35188404e-01
1104     3.94000000e-01    4.06203536e-01    9.35287187e-01
1105     3.95000000e-01    4.07027654e-01    9.35378714e-01
1106     3.96000000e-01    4.07853215e-01    9.35462967e-01
1107     3.97000000e-01    4.08680219e-01    9.35539928e-01
1108     3.98000000e-01    4.09508668e-01    9.35609579e-01
1109     3.99000000e-01    4.10338561e-01    9.35671903e-01
1110     4.00000000e-01    4.11169900e-01    9.35726882e-01
1111     4.01000000e-01    4.12002686e-01    9.35774499e-01
1112     4.02000000e-01    4.12836919e-01    9.35814737e-01
1113     4.03000000e-01    4.13672601e-01    9.35847579e-01
1114     4.04000000e-01    4.14509732e-01    9.35873007e-01
1115     4.05000000e-01    4.15348313e-01    9.35891007e-01
1116     4.06000000e-01    4.16188344e-01    9.35901559e-01
1117     4.07000000e-01    4.17029827e-01    9.35904650e-01
1118     4.08000000e-01    4.17872761e-01    9.35900262e-01
1119     4.09000000e-01    4.18717149e-01    9.35888379e-01
1120     4.10000000e-01    4.19562991e-01    9.35868985e-01
1121     4.11000000e-01    4.20410286e-01    9.35842066e-01
1122     4.12000000e-01    4.21259036e-01    9.35807606e-01
1123     4.13000000e-01    4.22109242e-01    9.35765589e-01
1124     4.14000000e-01    4.22960903e-01    9.35716000e-01
1125     4.15000000e-01    4.23814021e-01    9.35658825e-01
1126     4.16000000e-01    4.24668596e-01    9.35594050e-01
1127     4.17000000e-01    4.25524627e-01    9.35521659e-01
1128     4.18000000e-01    4.26382116e-01    9.35441639e-01
1129     4.19000000e-01    4.27241062e-01    9.35353977e-01
1130     4.20000000e-01    4.28101466e-01    9.35258659e-01
1131     4.21000000e-01    4.28963327e-01    9.35155671e-01
1132     4.22000000e-01    4.29826646e-01    9.35045001e-01
1133     4.23000000e-01    4.30691423e-01    9.34926636e-01
1134     4.24000000e-01    4.31557657e-01    9.34800564e-01
1135     4.25000000e-01    4.32425347e-01    9.34666772e-01
1136     4.26000000e-01    4.33294494e-01    9.34525251e-01
1137     4.27000000e-01    4.34165096e-01    9.34375987e-01
1138     4.28000000e-01    4.35037153e-01    9.34218971e-01
1139     4.29000000e-01    4.35910665e-01    9.34054192e-01
1140     4.30000000e-01    4.36785630e-01    9.33881639e-01
1141     4.31000000e-01    4.37662046e-01    9.33701304e-01
1142     4.32000000e-01    4.38539914e-01    9.33513176e-01
1143     4.33000000e-01    4.39419230e-01    9.33317248e-01
1144     4.34000000e-01    4.40299995e-01    9.33113511e-01
1145     4.35000000e-01    4.41182205e-01    9.32901957e-01
1146     4.36000000e-01    4.42065860e-01    9.32682579e-01
1147     4.37000000e-01    4.42950957e-01    9.32455371e-01
1148     4.38000000e-01    4.43837493e-01    9.32220325e-01
1149     4.39000000e-01    4.44725467e-01    9.31977437e-01
1150     4.40000000e-01    4.45614875e-01    9.31726678e-01
1151     4.41000000e-01    4.46505716e-01    9.31468008e-01
1152     4.42000000e-01    4.47397985e-01    9.31201423e-01
1153     4.43000000e-01    4.48291680e-01    9.30926920e-01
1154     4.44000000e-01    4.49186796e-01    9.30644497e-01
1155     4.45000000e-01    4.50083332e-01    9.30354154e-01
1156     4.46000000e-01    4.50981282e-01    9.30055890e-01
1157     4.47000000e-01    4.51880642e-01    9.29749706e-01
1158     4.48000000e-01    4.52781409e-01    9.29435603e-01
1159     4.49000000e-01    4.53683578e-01    9.29113582e-01
1160     4.50000000e-01    4.54587143e-01    9.28783649e-01
1161     4.51000000e-01    4.55492100e-01    9.28445805e-01
1162     4.52000000e-01    4.56398444e-01    9.28100057e-01
1163     4.53000000e-01    4.57306169e-01    9.27746410e-01
1164     4.54000000e-01    4.58215270e-01    9.27384871e-01
1165     4.55000000e-01    4.59125740e-01    9.27015448e-01
1166     4.56000000e-01    4.60037573e-01    9.26638150e-01
1167     4.57000000e-01    4.60950764e-01    9.26252986e-01
1168     4.58000000e-01    4.61865304e-01    9.25859968e-01
1169     4.59000000e-01    4.62781187e-01    9.25459108e-01
1170     4.60000000e-01    4.63698407e-01    9.25050419e-01
1171     4.61000000e-01    4.64616955e-01    9.24633916e-01
1172     4.62000000e-01    4.65536823e-01    9.24209614e-01
1173     4.63000000e-01    4.66458005e-01    9.23777529e-01
1174     4.64000000e-01    4.67380491e-01    9.23337681e-01
1175     4.65000000e-01    4.68304274e-01    9.22890088e-01
1176     4.66000000e-01    4.69229344e-01    9.22434771e-01
1177     4.67000000e-01    4.70155692e-01    9.21971752e-01
1178     4.68000000e-01    4.71083310e-01    9.21501053e-01
1179     4.69000000e-01    4.72012188e-01    9.21022700e-01
1180     4.70000000e-01    4.72942316e-01    9.20536717e-01
1181     4.71000000e-01    4.73873685e-01    9.20043133e-01
1182     4.72000000e-01    4.74806284e-01    9.19541975e-01
1183     4.73000000e-01    4.75740103e-01    9.19033275e-01
1184     4.74000000e-01    4.76675132e-01    9.18517062e-01
1185     4.75000000e-01    4.77611359e-01    9.17993369e-01
1186     4.76000000e-01    4.78548774e-01    9.17462232e-01
1187     4.77000000e-01    4.79487366e-01    9.16923684e-01
1188     4.78000000e-01    4.80427123e-01    9.16377764e-01
1189     4.79000000e-01    4.81368033e-01    9.15824510e-01
1190     4.80000000e-01    4.82310086e-01    9.15263962e-01
1191     4.81000000e-01    4.83253268e-01    9.14696160e-01
1192     4.82000000e-01    4.84197568e-01    9.14121148e-01
1193     4.83000000e-01    4.85142974e-01    9.13538970e-01
1194     4.84000000e-01    4.86089473e-01    9.12949672e-01
1195     4.85000000e-01    4.87037052e-01    9.12353300e-01
1196     4.86000000e-01    4.87985699e-01    9.11749903e-01
1197     4.87000000e-01    4.88935401e-01    9.11139531e-01
1198     4.88000000e-01    4.89886145e-01    9.10522235e-01
1199     4.89000000e-01    4.90837918e-01    9.09898068e-01
1200     4.90000000e-01    4.91790706e-01    9.09267084e-01
1201     4.91000000e-01    4.92744497e-01    9.08629337e-01
1202     4.92000000e-01    4.93699276e-01    9.07984886e-01
1203     4.93000000e-01    4.94655030e-01    9.07333787e-01
1204     4.94000000e-01    4.95611747e-01    9.06676099e-01
1205     4.95000000e-01    4.96569411e-01    9.06011884e-01
1206     4.96000000e-01    4.97528009e-01    9.05341203e-01
1207     4.97000000e-01    4.98487528e-01    9.04664119e-01
1208     4.98000000e-01    4.99447954e-01    9.03980695e-01
1209     4.99000000e-01    5.00409273e-01    9.03290997e-01
1210     5.00000000e-01    5.01371470e-01    9.02595091e-01
1211     5.01000000e-01    5.02334533e-01    9.01893044e-01
1212     5.02000000e-01    5.03298446e-01    9.01184925e-01
1213     5.03000000e-01    5.04263197e-01    9.00470801e-01
1214     5.04000000e-01    5.05228771e-01    8.99750744e-01
1215     5.05000000e-01    5.06195155e-01    8.99024825e-01
1216     5.06000000e-01    5.07162334e-01    8.98293114e-01
1217     5.07000000e-01    5.08130295e-01    8.97555685e-01
1218     5.08000000e-01    5.09099025e-01    8.96812610e-01
1219     5.09000000e-01    5.10068508e-01    8.96063964e-01
1220     5.10000000e-01    5.11038732e-01    8.95309821e-01
1221     5.11000000e-01    5.12009683e-01    8.94550256e-01
1222     5.12000000e-01    5.12981348e-01    8.93785344e-01
1223     5.13000000e-01    5.13953712e-01    8.93015162e-01
1224     5.14000000e-01    5.14926764e-01    8.92239786e-01
1225     5.15000000e-01    5.15900488e-01    8.91459293e-01
1226     5.16000000e-01    5.16874873e-01    8.90673760e-01
1227     5.17000000e-01    5.17849905e-01    8.89883263e-01
1228     5.18000000e-01    5.18825571e-01    8.89087882e-01
1229     5.19000000e-01    5.19801859e-01    8.88287693e-01
1230     5.20000000e-01    5.20778755e-01    8.87482775e-01
1231     5.21000000e-01    5.21756247e-01    8.86673204e-01
1232     5.22000000e-01    5.22734323e-01    8.85859060e-01
1233     5.23000000e-01    5.23712969e-01    8.85040419e-01
1234     5.24000000e-01    5.24692175e-01    8.84217360e-01
1235     5.25000000e-01    5.25671928e-01    8.83389959e-01
1236     5.26000000e-01    5.26652215e-01    8.82558295e-01
1237     5.27000000e-01    5.27633026e-01    8.81722444e-01
1238     5.28000000e-01    5.28614349e-01    8.80882484e-01
1239     5.29000000e-01    5.29596172e-01    8.80038490e-01
1240     5.30000000e-01    5.30578483e-01    8.79190538e-01
1241     5.31000000e-01    5.31561273e-01    8.78338705e-01
1242     5.32000000e-01    5.32544529e-01    8.77483066e-01
1243     5.33000000e-01    5.33528241e-01    8.76623695e-01
1244     5.34000000e-01    5.34512399e-01    8.75760666e-01
1245     5.35000000e-01    5.35496992e-01    8.74894053e-01
1246     5.36000000e-01    5.36482009e-01    8.74023929e-01
1247     5.37000000e-01    5.37467441e-01    8.73150367e-01
1248     5.38000000e-01    5.38453278e-01    8.72273437e-01
1249     5.39000000e-01    5.39439509e-01    8.71393212e-01
1250     5.40000000e-01    5.40426125e-01    8.70509760e-01
1251     5.41000000e-01    5.41413117e-01    8.69623152e-01
1252     5.42000000e-01    5.42400476e-01    8.68733457e-01
1253     5.43000000e-01    5.43388192e-01    8.67840742e-01
1254     5.44000000e-01    5.44376257e-01    8.66945075e-01
1255     5.45000000e-01    5.45364661e-01    8.66046521e-01
1256     5.46000000e-01    5.46353396e-01    8.65145147e-01
1257     5.47000000e-01    5.47342454e-01    8.64241016e-01
1258     5.48000000e-01    5.48331827e-01    8.63334192e-01
1259     5.49000000e-01    5.49321506e-01    8.62424738e-01
1260     5.50000000e-01    5.50311484e-01    8.61512716e-01
1261     5.51000000e-01    5.51301752e-01    8.60598187e-01
1262     5.52000000e-01    5.52292304e-01    8.59681211e-01
1263     5.53000000e-01    5.53283132e-01    8.58761846e-01
1264     5.54000000e-01    5.54274228e-01    8.57840151e-01
1265     5.55000000e-01    5.55265585e-01    8.56916183e-01
1266     5.56000000e-01    5.56257197e-01    8.55989997e-01
1267     5.57000000e-01    5.57249057e-01    8.55061650e-01
1268     5.58000000e-01    5.58241157e-01    8.54131195e-01
1269     5.59000000e-01    5.59233493e-01    8.53198685e-01
1270     5.60000000e-01    5.60226056e-01    8.52264174e-01
1271     5.61000000e-01    5.61218842e-01    8.51327711e-01
1272     5.62000000e-01    5.62211844e-01    8.50389347e-01
1273     5.63000000e-01    5.63205055e-01    8.49449133e-01
1274     5.64000000e-01    5.64198472e-01    8.48507115e-01
1275     5.65000000e-01    5.65192086e-01    8.47563342e-01
1276     5.66000000e-01    5.66185895e-01    8.46617860e-01
1277     5.67000000e-01    5.67179890e-01    8.45670715e-01
1278     5.68000000e-01    5.68174069e-01    8.44721951e-01
1279     5.69000000e-01    5.69168425e-01    8.43771612e-01
1280     5.70000000e-01    5.70162954e-01    8.42819740e-01
1281     5.71000000e-01    5.71157650e-01    8.41866378e-01
1282     5.72000000e-01    5.72152510e-01    8.40911566e-01
1283     5.73000000e-01    5.73147527e-01    8.39955345e-01
1284     5.74000000e-01    5.74142699e-01    8.38997753e-01
1285     5.75000000e-01    5.75138020e-01    8.38038829e-01
1286     5.76000000e-01    5.76133486e-01    8.37078610e-01
1287     5.77000000e-01    5.77129093e-01    8.36117133e-01
1288     5.78000000e-01    5.78124837e-01    8.35154434e-01
1289     5.79000000e-01    5.79120714e-01    8.34190547e-01
1290     5.80000000e-01    5.80116721e-01    8.33225506e-01
1291     5.81000000e-01    5.81112853e-01    8.32259345e-01
1292     5.82000000e-01    5.82109106e-01    8.31292096e-01
1293     5.83000000e-01    5.83105478e-01    8.30323791e-01
1294     5.84000000e-01    5.84101964e-01    8.29354460e-01
1295     5.85000000e-01    5.85098562e-01    8.28384134e-01
1296     5.86000000e-01    5.86095268e-01    8.27412842e-01
1297     5.87000000e-01    5.87092079e-01    8.26440613e-01
1298     5.88000000e-01    5.88088991e-01    8.25467474e-01
1299     5.89000000e-01    5.89086003e-01    8.24493454e-01
1300     5.90000000e-01    5.90083110e-01    8.23518577e-01
1301     5.91000000e-01    5.91080310e-01    8.22542871e-01
1302     5.92000000e-01    5.92077600e-01    8.21566360e-01
1303     5.93000000e-01    5.93074978e-01    8.20589068e-01
1304     5.94000000e-01    5.94072441e-01    8.19611021e-01
1305     5.95000000e-01    5.95069985e-01    8.18632239e-01
1306     5.96000000e-01    5.96067610e-01    8.17652748e-01
1307     5.97000000e-01    5.97065312e-01    8.16672567e-01
1308     5.98000000e-01    5.98063089e-01    8.15691720e-01
1309     5.99000000e-01    5.99060939e-01    8.14710226e-01
1310     6.00000000e-01    6.00058859e-01    8.13728105e-01
1311     6.01000000e-01    6.01056847e-01    8.12745378e-01
1312     6.02000000e-01    6.02054902e-01    8.11762064e-01
1313     6.03000000e-01    6.03053020e-01    8.10778180e-01
1314     6.04000000e-01    6.04051201e-01    8.09793746e-01
1315     6.05000000e-01    6.05049443e-01    8.08808779e-01
1316     6.06000000e-01    6.06047742e-01    8.07823295e-01
1317     6.07000000e-01    6.07046098e-01    8.06837311e-01
1318     6.08000000e-01    6.08044509e-01    8.05850844e-01
1319     6.09000000e-01    6.09042973e-01    8.04863909e-01
1320     6.10000000e-01    6.10041488e-01    8.03876521e-01
1321     6.11000000e-01    6.11040054e-01    8.02888695e-01
1322     6.12000000e-01    6.12038667e-01    8.01900445e-01
1323     6.13000000e-01    6.13037327e-01    8.00911785e-01
1324     6.14000000e-01    6.14036032e-01    7.99922729e-01
1325     6.15000000e-01    6.15034781e-01    7.98933289e-01
1326     6.16000000e-01    6.16033573e-01    7.97943479e-01
1327     6.17000000e-01    6.17032405e-01    7.96953310e-01
1328     6.18000000e-01    6.18031277e-01    7.95962795e-01
1329     6.19000000e-01    6.19030187e-01    7.94971944e-01
1330     6.20000000e-01    6.20029135e-01    7.93980770e-01
1331     6.21000000e-01    6.21028119e-01    7.92989283e-01
1332     6.22000000e-01    6.22027137e-01    7.91997493e-01
1333     6.23000000e-01    6.23026189e-01    7.91005411e-01
1334     6.24000000e-01    6.24025274e-01    7.90013046e-01
1335     6.25000000e-01    6.25024390e-01    7.89020409e-01
1336     6.26000000e-01    6.26023537e-01    7.88027509e-01
1337     6.27000000e-01    6.27022713e-01    7.87034353e-01
1338     6.28000000e-01    6.28021918e-01    7.86040952e-01
1339     6.29000000e-01    6.29021150e-01    7.85047314e-01
1340     6.30000000e-01    6.30020409e-01    7.84053446e-01
1341     6.31000000e-01    6.31019694e-01    7.83059356e-01
1342     6.32000000e-01    6.32019003e-01    7.82065053e-01
1343     6.33000000e-01    6.33018337e-01    7.81070544e-01
1344     6.34000000e-01    6.34017694e-01    7.80075835e-01
1345     6.35000000e-01    6.35017074e-01    7.79080934e-01
1346     6.36000000e-01    6.36016475e-01    7.78085848e-01
1347     6.37000000e-01    6.37015898e-01    7.77090582e-01
1348     6.38000000e-01    6.38015341e-01    7.76095144e-01
1349     6.39000000e-01    6.39014803e-01    7.75099538e-01
1350     6.40000000e-01    6.40014285e-01    7.74103772e-01
1351     6.41000000e-01    6.41013785e-01    7.73107851e-01
1352     6.42000000e-01    6.42013302e-01    7.72111779e-01
1353     6.43000000e-01    6.43012837e-01    7.71115563e-01
1354     6.44000000e-01    6.44012388e-01    7.70119208e-01
1355     6.45000000e-01    6.45011955e-01    7.69122719e-01
1356     6.46000000e-01    6.46011538e-01    7.68126099e-01
1357     6.47000000e-01    6.47011136e-01    7.67129355e-01
1358     6.48000000e-01    6.48010748e-01    7.66132490e-01
1359     6.49000000e-01    6.49010373e-01    7.65135509e-01
1360     6.50000000e-01    6.50010013e-01    7.64138416e-01
1361     6.51000000e-01    6.51009665e-01    7.63141214e-01
1362     6.52000000e-01    6.52009330e-01    7.62143909e-01
1363     6.53000000e-01    6.53009007e-01    7.61146503e-01
1364     6.54000000e-01    6.54008695e-01    7.60149000e-01
1365     6.55000000e-01    6.55008395e-01    7.59151404e-01
1366     6.56000000e-01    6.56008106e-01    7.58153718e-01
1367     6.57000000e-01    6.57007827e-01    7.57155945e-01
1368     6.58000000e-01    6.58007558e-01    7.56158089e-01
1369     6.59000000e-01    6.59007299e-01    7.55160152e-01
1370     6.60000000e-01    6.60007050e-01    7.54162138e-01
1371     6.61000000e-01    6.61006809e-01    7.53164049e-01
1372     6.62000000e-01    6.62006578e-01    7.52165888e-01
1373     6.63000000e-01    6.63006354e-01    7.51167658e-01
1374     6.64000000e-01    6.64006139e-01    7.50169360e-01
1375     6.65000000e-01    6.65005932e-01    7.49170999e-01
1376     6.66000000e-01    6.66005733e-01    7.48172575e-01
1377     6.67000000e-01    6.67005541e-01    7.47174092e-01
1378     6.68000000e-01    6.68005355e-01    7.46175551e-01
1379     6.69000000e-01    6.69005177e-01    7.45176955e-01
1380     6.70000000e-01    6.70005005e-01    7.44178306e-01
1381     6.71000000e-01    6.71004840e-01    7.43179605e-01
1382     6.72000000e-01    6.72004681e-01    7.42180854e-01
1383     6.73000000e-01    6.73004528e-01    7.41182056e-01
1384     6.74000000e-01    6.74004380e-01    7.40183212e-01
1385     6.75000000e-01    6.75004238e-01    7.39184324e-01
1386     6.76000000e-01    6.76004101e-01    7.38185394e-01
1387     6.77000000e-01    6.77003969e-01    7.37186422e-01
1388     6.78000000e-01    6.78003842e-01    7.36187411e-01
1389     6.79000000e-01    6.79003720e-01    7.35188363e-01
1390     6.80000000e-01    6.80003603e-01    7.34189277e-01
1391     6.81000000e-01    6.81003490e-01    7.33190157e-01
1392     6.82000000e-01    6.82003381e-01    7.32191002e-01
1393     6.83000000e-01    6.83003276e-01    7.31191815e-01
1394     6.84000000e-01    6.84003175e-01    7.30192597e-01
1395     6.85000000e-01    6.85003078e-01    7.29193348e-01
1396     6.86000000e-01    6.86002985e-01    7.28194071e-01
1397     6.87000000e-01    6.87002895e-01    7.27194765e-01
1398     6.88000000e-01    6.88002809e-01    7.26195433e-01
1399     6.89000000e-01    6.89002726e-01    7.25196075e-01
1400     6.90000000e-01    6.90002646e-01    7.24196692e-01
1401     6.91000000e-01    6.91002569e-01    7.23197284e-01
1402     6.92000000e-01    6.92002495e-01    7.22197854e-01
1403     6.93000000e-01    6.93002424e-01    7.21198402e-01
1404     6.94000000e-01    6.94002355e-01    7.20198928e-01
1405     6.95000000e-01    6.95002289e-01    7.19199434e-01
1406     6.96000000e-01    6.96002226e-01    7.18199920e-01
1407     6.97000000e-01    6.97002165e-01    7.17200387e-01
1408     6.98000000e-01    6.98002107e-01    7.16200836e-01
1409     6.99000000e-01    6.99002051e-01    7.15201267e-01
1410     7.00000000e-01    7.00001996e-01    7.14201681e-01
1411     7.01000000e-01    7.01001945e-01    7.13202079e-01
1412     7.02000000e-01    7.02001895e-01    7.12202461e-01
1413     7.03000000e-01    7.03001847e-01    7.11202828e-01
1414     7.04000000e-01    7.04001800e-01    7.10203181e-01
1415     7.05000000e-01    7.05001756e-01    7.09203519e-01
1416     7.06000000e-01    7.06001714e-01    7.08203845e-01
1417     7.07000000e-01    7.07001673e-01    7.07204157e-01
1418     7.08000000e-01    7.08001633e-01    7.06204457e-01
1419     7.09000000e-01    7.09001596e-01    7.05204745e-01
1420     7.10000000e-01    7.10001559e-01    7.04205022e-01
End of Xyce(TM) Parameter Sweep
