Index        {U}              V(V1)             V(V2)      
0       -7.10000000e-01    7.04210482e-01    1.02014216e+00
1       -7.09000000e-01    7.05210429e-01    1.01927145e+00
2       -7.08000000e-01    7.06210374e-01    1.01840123e+00
3       -7.07000000e-01    7.07210317e-01    1.01753151e+00
4       -7.06000000e-01    7.08210256e-01    1.01666230e+00
5       -7.05000000e-01    7.09210193e-01    1.01579358e+00
6       -7.04000000e-01    7.10210127e-01    1.01492537e+00
7       -7.03000000e-01    7.11210058e-01    1.01405767e+00
8       -7.02000000e-01    7.12209986e-01    1.01319048e+00
9       -7.01000000e-01    7.13209910e-01    1.01232380e+00
10      -7.00000000e-01    7.14209831e-01    1.01145763e+00
11      -6.99000000e-01    7.15209749e-01    1.01059199e+00
12      -6.98000000e-01    7.16209663e-01    1.00972687e+00
13      -6.97000000e-01    7.17209573e-01    1.00886227e+00
14      -6.96000000e-01    7.18209479e-01    1.00799819e+00
15      -6.95000000e-01    7.19209380e-01    1.00713465e+00
16      -6.94000000e-01    7.20209278e-01    1.00627163e+00
17      -6.93000000e-01    7.21209171e-01    1.00540915e+00
18      -6.92000000e-01    7.22209059e-01    1.00454721e+00
19      -6.91000000e-01    7.23208942e-01    1.00368581e+00
20      -6.90000000e-01    7.24208821e-01    1.00282494e+00
21      -6.89000000e-01    7.25208694e-01    1.00196463e+00
22      -6.88000000e-01    7.26208561e-01    1.00110486e+00
23      -6.87000000e-01    7.27208423e-01    1.00024564e+00
24      -6.86000000e-01    7.28208279e-01    9.99386976e-01
25      -6.85000000e-01    7.29208128e-01    9.98528868e-01
26      -6.84000000e-01    7.30207972e-01    9.97671318e-01
27      -6.83000000e-01    7.31207808e-01    9.96814331e-01
28      -6.82000000e-01    7.32207638e-01    9.95957908e-01
29      -6.81000000e-01    7.33207460e-01    9.95102053e-01
30      -6.80000000e-01    7.34207275e-01    9.94246769e-01
31      -6.79000000e-01    7.35207082e-01    9.93392058e-01
32      -6.78000000e-01    7.36206881e-01    9.92537924e-01
33      -6.77000000e-01    7.37206671e-01    9.91684369e-01
34      -6.76000000e-01    7.38206453e-01    9.90831396e-01
35      -6.75000000e-01    7.39206225e-01    9.89979009e-01
36      -6.74000000e-01    7.40205988e-01    9.89127211e-01
37      -6.73000000e-01    7.41205741e-01    9.88276004e-01
38      -6.72000000e-01    7.42205483e-01    9.87425392e-01
39      -6.71000000e-01    7.43205215e-01    9.86575377e-01
40      -6.70000000e-01    7.44204936e-01    9.85725963e-01
41      -6.69000000e-01    7.45204645e-01    9.84877153e-01
42      -6.68000000e-01    7.46204342e-01    9.84028951e-01
43      -6.67000000e-01    7.47204027e-01    9.83181358e-01
44      -6.66000000e-01    7.48203698e-01    9.82334379e-01
45      -6.65000000e-01    7.49203356e-01    9.81488017e-01
46      -6.64000000e-01    7.50203000e-01    9.80642274e-01
47      -6.63000000e-01    7.51202629e-01    9.79797155e-01
48      -6.62000000e-01    7.52202243e-01    9.78952662e-01
49      -6.61000000e-01    7.53201841e-01    9.78108799e-01
50      -6.60000000e-01    7.54201422e-01    9.77265569e-01
51      -6.59000000e-01    7.55200987e-01    9.76422975e-01
52      -6.58000000e-01    7.56200533e-01    9.75581021e-01
53      -6.57000000e-01    7.57200061e-01    9.74739710e-01
54      -6.56000000e-01    7.58199569e-01    9.73899046e-01
55      -6.55000000e-01    7.59199058e-01    9.73059031e-01
56      -6.54000000e-01    7.60198526e-01    9.72219670e-01
57      -6.53000000e-01    7.61197972e-01    9.71380966e-01
58      -6.52000000e-01    7.62197395e-01    9.70542922e-01
59      -6.51000000e-01    7.63196795e-01    9.69705542e-01
60      -6.50000000e-01    7.64196171e-01    9.68868830e-01
61      -6.49000000e-01    7.65195521e-01    9.68032789e-01
62      -6.48000000e-01    7.66194845e-01    9.67197422e-01
63      -6.47000000e-01    7.67194141e-01    9.66362733e-01
64      -6.46000000e-01    7.68193409e-01    9.65528726e-01
65      -6.45000000e-01    7.69192648e-01    9.64695405e-01
66      -6.44000000e-01    7.70191855e-01    9.63862772e-01
67      -6.43000000e-01    7.71191031e-01    9.63030833e-01
68      -6.42000000e-01    7.72190174e-01    9.62199590e-01
69      -6.41000000e-01    7.73189282e-01    9.61369048e-01
70      -6.40000000e-01    7.74188354e-01    9.60539209e-01
71      -6.39000000e-01    7.75187388e-01    9.59710079e-01
72      -6.38000000e-01    7.76186384e-01    9.58881661e-01
73      -6.37000000e-01    7.77185340e-01    9.58053958e-01
74      -6.36000000e-01    7.78184254e-01    9.57226974e-01
75      -6.35000000e-01    7.79183124e-01    9.56400714e-01
76      -6.34000000e-01    7.80181949e-01    9.55575182e-01
77      -6.33000000e-01    7.81180728e-01    9.54750381e-01
78      -6.32000000e-01    7.82179457e-01    9.53926315e-01
79      -6.31000000e-01    7.83178136e-01    9.53102988e-01
80      -6.30000000e-01    7.84176762e-01    9.52280405e-01
81      -6.29000000e-01    7.85175333e-01    9.51458569e-01
82      -6.28000000e-01    7.86173847e-01    9.50637485e-01
83      -6.27000000e-01    7.87172303e-01    9.49817156e-01
84      -6.26000000e-01    7.88170697e-01    9.48997587e-01
85      -6.25000000e-01    7.89169027e-01    9.48178782e-01
86      -6.24000000e-01    7.90167291e-01    9.47360746e-01
87      -6.23000000e-01    7.91165486e-01    9.46543481e-01
88      -6.22000000e-01    7.92163610e-01    9.45726994e-01
89      -6.21000000e-01    7.93161660e-01    9.44911287e-01
90      -6.20000000e-01    7.94159633e-01    9.44096366e-01
91      -6.19000000e-01    7.95157526e-01    9.43282234e-01
92      -6.18000000e-01    7.96155336e-01    9.42468896e-01
93      -6.17000000e-01    7.97153060e-01    9.41656357e-01
94      -6.16000000e-01    7.98150694e-01    9.40844621e-01
95      -6.15000000e-01    7.99148235e-01    9.40033692e-01
96      -6.14000000e-01    8.00145680e-01    9.39223574e-01
97      -6.13000000e-01    8.01143025e-01    9.38414273e-01
98      -6.12000000e-01    8.02140266e-01    9.37605793e-01
99      -6.11000000e-01    8.03137399e-01    9.36798139e-01
100     -6.10000000e-01    8.04134420e-01    9.35991314e-01
101     -6.09000000e-01    8.05131325e-01    9.35185324e-01
102     -6.08000000e-01    8.06128109e-01    9.34380174e-01
103     -6.07000000e-01    8.07124768e-01    9.33575868e-01
104     -6.06000000e-01    8.08121298e-01    9.32772411e-01
105     -6.05000000e-01    8.09117692e-01    9.31969807e-01
106     -6.04000000e-01    8.10113947e-01    9.31168062e-01
107     -6.03000000e-01    8.11110057e-01    9.30367180e-01
108     -6.02000000e-01    8.12106017e-01    9.29567166e-01
109     -6.01000000e-01    8.13101820e-01    9.28768025e-01
110     -6.00000000e-01    8.14097462e-01    9.27969763e-01
111     -5.99000000e-01    8.15092936e-01    9.27172383e-01
112     -5.98000000e-01    8.16088236e-01    9.26375891e-01
113     -5.97000000e-01    8.17083355e-01    9.25580292e-01
114     -5.96000000e-01    8.18078287e-01    9.24785591e-01
115     -5.95000000e-01    8.19073025e-01    9.23991794e-01
116     -5.94000000e-01    8.20067562e-01    9.23198905e-01
117     -5.93000000e-01    8.21061890e-01    9.22406929e-01
118     -5.92000000e-01    8.22056001e-01    9.21615872e-01
119     -5.91000000e-01    8.23049889e-01    9.20825739e-01
120     -5.90000000e-01    8.24043545e-01    9.20036535e-01
121     -5.89000000e-01    8.25036959e-01    9.19248265e-01
122     -5.88000000e-01    8.26030124e-01    9.18460935e-01
123     -5.87000000e-01    8.27023031e-01    9.17674551e-01
124     -5.86000000e-01    8.28015669e-01    9.16889117e-01
125     -5.85000000e-01    8.29008030e-01    9.16104639e-01
126     -5.84000000e-01    8.30000103e-01    9.15321123e-01
127     -5.83000000e-01    8.30991879e-01    9.14538574e-01
128     -5.82000000e-01    8.31983346e-01    9.13756998e-01
129     -5.81000000e-01    8.32974493e-01    9.12976399e-01
130     -5.80000000e-01    8.33965309e-01    9.12196785e-01
131     -5.79000000e-01    8.34955783e-01    9.11418160e-01
132     -5.78000000e-01    8.35945902e-01    9.10640531e-01
133     -5.77000000e-01    8.36935653e-01    9.09863902e-01
134     -5.76000000e-01    8.37925025e-01    9.09088280e-01
135     -5.75000000e-01    8.38914002e-01    9.08313671e-01
136     -5.74000000e-01    8.39902572e-01    9.07540080e-01
137     -5.73000000e-01    8.40890721e-01    9.06767514e-01
138     -5.72000000e-01    8.41878433e-01    9.05995978e-01
139     -5.71000000e-01    8.42865693e-01    9.05225478e-01
140     -5.70000000e-01    8.43852487e-01    9.04456020e-01
141     -5.69000000e-01    8.44838797e-01    9.03687610e-01
142     -5.68000000e-01    8.45824607e-01    9.02920255e-01
143     -5.67000000e-01    8.46809901e-01    9.02153960e-01
144     -5.66000000e-01    8.47794659e-01    9.01388732e-01
145     -5.65000000e-01    8.48778865e-01    9.00624577e-01
146     -5.64000000e-01    8.49762499e-01    8.99861501e-01
147     -5.63000000e-01    8.50745542e-01    8.99099510e-01
148     -5.62000000e-01    8.51727974e-01    8.98338610e-01
149     -5.61000000e-01    8.52709774e-01    8.97578809e-01
150     -5.60000000e-01    8.53690922e-01    8.96820112e-01
151     -5.59000000e-01    8.54671395e-01    8.96062525e-01
152     -5.58000000e-01    8.55651172e-01    8.95306056e-01
153     -5.57000000e-01    8.56630228e-01    8.94550711e-01
154     -5.56000000e-01    8.57608541e-01    8.93796496e-01
155     -5.55000000e-01    8.58586086e-01    8.93043418e-01
156     -5.54000000e-01    8.59562837e-01    8.92291484e-01
157     -5.53000000e-01    8.60538769e-01    8.91540699e-01
158     -5.52000000e-01    8.61513855e-01    8.90791072e-01
159     -5.51000000e-01    8.62488068e-01    8.90042608e-01
160     -5.50000000e-01    8.63461379e-01    8.89295314e-01
161     -5.49000000e-01    8.64433760e-01    8.88549197e-01
162     -5.48000000e-01    8.65405181e-01    8.87804265e-01
163     -5.47000000e-01    8.66375611e-01    8.87060524e-01
164     -5.46000000e-01    8.67345020e-01    8.86317980e-01
165     -5.45000000e-01    8.68313374e-01    8.85576641e-01
166     -5.44000000e-01    8.69280640e-01    8.84836514e-01
167     -5.43000000e-01    8.70246786e-01    8.84097606e-01
168     -5.42000000e-01    8.71211775e-01    8.83359924e-01
169     -5.41000000e-01    8.72175571e-01    8.82623475e-01
170     -5.40000000e-01    8.73138139e-01    8.81888266e-01
171     -5.39000000e-01    8.74099441e-01    8.81154304e-01
172     -5.38000000e-01    8.75059437e-01    8.80421597e-01
173     -5.37000000e-01    8.76018089e-01    8.79690152e-01
174     -5.36000000e-01    8.76975355e-01    8.78959976e-01
175     -5.35000000e-01    8.77931194e-01    8.78231077e-01
176     -5.34000000e-01    8.78885563e-01    8.77503461e-01
177     -5.33000000e-01    8.79838420e-01    8.76777137e-01
178     -5.32000000e-01    8.80789718e-01    8.76052111e-01
179     -5.31000000e-01    8.81739412e-01    8.75328392e-01
180     -5.30000000e-01    8.82687456e-01    8.74605986e-01
181     -5.29000000e-01    8.83633801e-01    8.73884902e-01
182     -5.28000000e-01    8.84578399e-01    8.73165146e-01
183     -5.27000000e-01    8.85521199e-01    8.72446726e-01
184     -5.26000000e-01    8.86462150e-01    8.71729651e-01
185     -5.25000000e-01    8.87401200e-01    8.71013927e-01
186     -5.24000000e-01    8.88338296e-01    8.70299563e-01
187     -5.23000000e-01    8.89273382e-01    8.69586565e-01
188     -5.22000000e-01    8.90206403e-01    8.68874943e-01
189     -5.21000000e-01    8.91137303e-01    8.68164703e-01
190     -5.20000000e-01    8.92066022e-01    8.67455853e-01
191     -5.19000000e-01    8.92992503e-01    8.66748401e-01
192     -5.18000000e-01    8.93916684e-01    8.66042356e-01
193     -5.17000000e-01    8.94838504e-01    8.65337724e-01
194     -5.16000000e-01    8.95757901e-01    8.64634514e-01
195     -5.15000000e-01    8.96674811e-01    8.63932734e-01
196     -5.14000000e-01    8.97589168e-01    8.63232391e-01
197     -5.13000000e-01    8.98500908e-01    8.62533493e-01
198     -5.12000000e-01    8.99409962e-01    8.61836050e-01
199     -5.11000000e-01    9.00316263e-01    8.61140067e-01
200     -5.10000000e-01    9.01219740e-01    8.60445554e-01
201     -5.09000000e-01    9.02120325e-01    8.59752519e-01
202     -5.08000000e-01    9.03017945e-01    8.59060969e-01
203     -5.07000000e-01    9.03912527e-01    8.58370912e-01
204     -5.06000000e-01    9.04803998e-01    8.57682357e-01
205     -5.05000000e-01    9.05692283e-01    8.56995311e-01
206     -5.04000000e-01    9.06577307e-01    8.56309783e-01
207     -5.03000000e-01    9.07458994e-01    8.55625781e-01
208     -5.02000000e-01    9.08337264e-01    8.54943312e-01
209     -5.01000000e-01    9.09212041e-01    8.54262385e-01
210     -5.00000000e-01    9.10083244e-01    8.53583007e-01
211     -4.99000000e-01    9.10950793e-01    8.52905188e-01
212     -4.98000000e-01    9.11814608e-01    8.52228934e-01
213     -4.97000000e-01    9.12674607e-01    8.51554254e-01
214     -4.96000000e-01    9.13530707e-01    8.50881156e-01
215     -4.95000000e-01    9.14382825e-01    8.50209648e-01
216     -4.94000000e-01    9.15230877e-01    8.49539738e-01
217     -4.93000000e-01    9.16074778e-01    8.48871433e-01
218     -4.92000000e-01    9.16914444e-01    8.48204742e-01
219     -4.91000000e-01    9.17749789e-01    8.47539673e-01
220     -4.90000000e-01    9.18580727e-01    8.46876233e-01
221     -4.89000000e-01    9.19407172e-01    8.46214430e-01
222     -4.88000000e-01    9.20229037e-01    8.45554273e-01
223     -4.87000000e-01    9.21046234e-01    8.44895769e-01
224     -4.86000000e-01    9.21858677e-01    8.44238925e-01
225     -4.85000000e-01    9.22666279e-01    8.43583750e-01
226     -4.84000000e-01    9.23468951e-01    8.42930251e-01
227     -4.83000000e-01    9.24266606e-01    8.42278436e-01
228     -4.82000000e-01    9.25059156e-01    8.41628312e-01
229     -4.81000000e-01    9.25846514e-01    8.40979887e-01
230     -4.80000000e-01    9.26628593e-01    8.40333168e-01
231     -4.79000000e-01    9.27405306e-01    8.39688162e-01
232     -4.78000000e-01    9.28176565e-01    8.39044878e-01
233     -4.77000000e-01    9.28942284e-01    8.38403322e-01
234     -4.76000000e-01    9.29702376e-01    8.37763501e-01
235     -4.75000000e-01    9.30456757e-01    8.37125423e-01
236     -4.74000000e-01    9.31205341e-01    8.36489094e-01
237     -4.73000000e-01    9.31948043e-01    8.35854522e-01
238     -4.72000000e-01    9.32684780e-01    8.35221713e-01
239     -4.71000000e-01    9.33415468e-01    8.34590675e-01
240     -4.70000000e-01    9.34140025e-01    8.33961413e-01
241     -4.69000000e-01    9.34858370e-01    8.33333934e-01
242     -4.68000000e-01    9.35570421e-01    8.32708245e-01
243     -4.67000000e-01    9.36276100e-01    8.32084353e-01
244     -4.66000000e-01    9.36975327e-01    8.31462262e-01
245     -4.65000000e-01    9.37668026e-01    8.30841981e-01
246     -4.64000000e-01    9.38354119e-01    8.30223513e-01
247     -4.63000000e-01    9.39033531e-01    8.29606867e-01
248     -4.62000000e-01    9.39706189e-01    8.28992046e-01
249     -4.61000000e-01    9.40372020e-01    8.28379057e-01
250     -4.60000000e-01    9.41030953e-01    8.27767905e-01
251     -4.59000000e-01    9.41682917e-01    8.27158596e-01
252     -4.58000000e-01    9.42327844e-01    8.26551134e-01
253     -4.57000000e-01    9.42965667e-01    8.25945525e-01
254     -4.56000000e-01    9.43596320e-01    8.25341774e-01
255     -4.55000000e-01    9.44219740e-01    8.24739885e-01
256     -4.54000000e-01    9.44835864e-01    8.24139862e-01
257     -4.53000000e-01    9.45444631e-01    8.23541711e-01
258     -4.52000000e-01    9.46045998e-01    8.22945435e-01
259     -4.51000000e-01    9.46639947e-01    8.22351039e-01
260     -4.50000000e-01    9.47226425e-01    8.21758526e-01
261     -4.49000000e-01    9.47805380e-01    8.21167899e-01
262     -4.48000000e-01    9.48376763e-01    8.20579163e-01
263     -4.47000000e-01    9.48940522e-01    8.19992320e-01
264     -4.46000000e-01    9.49496612e-01    8.19407374e-01
265     -4.45000000e-01    9.50044987e-01    8.18824327e-01
266     -4.44000000e-01    9.50585602e-01    8.18243182e-01
267     -4.43000000e-01    9.51118416e-01    8.17663941e-01
268     -4.42000000e-01    9.51643387e-01    8.17086607e-01
269     -4.41000000e-01    9.52160477e-01    8.16511181e-01
270     -4.40000000e-01    9.52669649e-01    8.15937666e-01
271     -4.39000000e-01    9.53170866e-01    8.15366063e-01
272     -4.38000000e-01    9.53664094e-01    8.14796373e-01
273     -4.37000000e-01    9.54149301e-01    8.14228597e-01
274     -4.36000000e-01    9.54626457e-01    8.13662736e-01
275     -4.35000000e-01    9.55095531e-01    8.13098791e-01
276     -4.34000000e-01    9.55556497e-01    8.12536763e-01
277     -4.33000000e-01    9.56009327e-01    8.11976650e-01
278     -4.32000000e-01    9.56453998e-01    8.11418453e-01
279     -4.31000000e-01    9.56890486e-01    8.10862172e-01
280     -4.30000000e-01    9.57318769e-01    8.10307806e-01
281     -4.29000000e-01    9.57738827e-01    8.09755355e-01
282     -4.28000000e-01    9.58150641e-01    8.09204816e-01
283     -4.27000000e-01    9.58554194e-01    8.08656190e-01
284     -4.26000000e-01    9.58949469e-01    8.08109473e-01
285     -4.25000000e-01    9.59336453e-01    8.07564665e-01
286     -4.24000000e-01    9.59715131e-01    8.07021764e-01
287     -4.23000000e-01    9.60085492e-01    8.06480766e-01
288     -4.22000000e-01    9.60447523e-01    8.05941669e-01
289     -4.21000000e-01    9.60801217e-01    8.05404471e-01
290     -4.20000000e-01    9.61146564e-01    8.04869168e-01
291     -4.19000000e-01    9.61483558e-01    8.04335758e-01
292     -4.18000000e-01    9.61812191e-01    8.03804235e-01
293     -4.17000000e-01    9.62132459e-01    8.03274598e-01
294     -4.16000000e-01    9.62444357e-01    8.02746841e-01
295     -4.15000000e-01    9.62747884e-01    8.02220960e-01
296     -4.14000000e-01    9.63043037e-01    8.01696951e-01
297     -4.13000000e-01    9.63329814e-01    8.01174808e-01
298     -4.12000000e-01    9.63608217e-01    8.00654528e-01
299     -4.11000000e-01    9.63878246e-01    8.00136104e-01
300     -4.10000000e-01    9.64139903e-01    7.99619532e-01
301     -4.09000000e-01    9.64393190e-01    7.99104805e-01
302     -4.08000000e-01    9.64638111e-01    7.98591917e-01
303     -4.07000000e-01    9.64874671e-01    7.98080863e-01
304     -4.06000000e-01    9.65102875e-01    7.97571636e-01
305     -4.05000000e-01    9.65322728e-01    7.97064230e-01
306     -4.04000000e-01    9.65534238e-01    7.96558638e-01
307     -4.03000000e-01    9.65737411e-01    7.96054853e-01
308     -4.02000000e-01    9.65932256e-01    7.95552867e-01
309     -4.01000000e-01    9.66118781e-01    7.95052674e-01
310     -4.00000000e-01    9.66296997e-01    7.94554267e-01
311     -3.99000000e-01    9.66466912e-01    7.94057637e-01
312     -3.98000000e-01    9.66628538e-01    7.93562776e-01
313     -3.97000000e-01    9.66781886e-01    7.93069678e-01
314     -3.96000000e-01    9.66926967e-01    7.92578332e-01
315     -3.95000000e-01    9.67063794e-01    7.92088733e-01
316     -3.94000000e-01    9.67192379e-01    7.91600870e-01
317     -3.93000000e-01    9.67312736e-01    7.91114736e-01
318     -3.92000000e-01    9.67424879e-01    7.90630321e-01
319     -3.91000000e-01    9.67528821e-01    7.90147618e-01
320     -3.90000000e-01    9.67624579e-01    7.89666617e-01
321     -3.89000000e-01    9.67712165e-01    7.89187309e-01
322     -3.88000000e-01    9.67791597e-01    7.88709685e-01
323     -3.87000000e-01    9.67862890e-01    7.88233735e-01
324     -3.86000000e-01    9.67926061e-01    7.87759452e-01
325     -3.85000000e-01    9.67981125e-01    7.87286824e-01
326     -3.84000000e-01    9.68028101e-01    7.86815844e-01
327     -3.83000000e-01    9.68067005e-01    7.86346501e-01
328     -3.82000000e-01    9.68097856e-01    7.85878786e-01
329     -3.81000000e-01    9.68120670e-01    7.85412689e-01
330     -3.80000000e-01    9.68135468e-01    7.84948200e-01
331     -3.79000000e-01    9.68142267e-01    7.84485311e-01
332     -3.78000000e-01    9.68141086e-01    7.84024011e-01
333     -3.77000000e-01    9.68131945e-01    7.83564290e-01
334     -3.76000000e-01    9.68114863e-01    7.83106140e-01
335     -3.75000000e-01    9.68089860e-01    7.82649549e-01
336     -3.74000000e-01    9.68056956e-01    7.82194509e-01
337     -3.73000000e-01    9.68016171e-01    7.81741010e-01
338     -3.72000000e-01    9.67967526e-01    7.81289042e-01
339     -3.71000000e-01    9.67911041e-01    7.80838595e-01
340     -3.70000000e-01    9.67846738e-01    7.80389660e-01
341     -3.69000000e-01    9.67774638e-01    7.79942226e-01
342     -3.68000000e-01    9.67694762e-01    7.79496286e-01
343     -3.67000000e-01    9.67607131e-01    7.79051828e-01
344     -3.66000000e-01    9.67511769e-01    7.78608844e-01
345     -3.65000000e-01    9.67408696e-01    7.78167324e-01
346     -3.64000000e-01    9.67297936e-01    7.77727259e-01
347     -3.63000000e-01    9.67179510e-01    7.77288639e-01
348     -3.62000000e-01    9.67053441e-01    7.76851455e-01
349     -3.61000000e-01    9.66919752e-01    7.76415698e-01
350     -3.60000000e-01    9.66778467e-01    7.75981359e-01
351     -3.59000000e-01    9.66629608e-01    7.75548429e-01
352     -3.58000000e-01    9.66473199e-01    7.75116900e-01
353     -3.57000000e-01    9.66309264e-01    7.74686761e-01
354     -3.56000000e-01    9.66137826e-01    7.74258005e-01
355     -3.55000000e-01    9.65958910e-01    7.73830624e-01
356     -3.54000000e-01    9.65772539e-01    7.73404608e-01
357     -3.53000000e-01    9.65578739e-01    7.72979949e-01
358     -3.52000000e-01    9.65377533e-01    7.72556640e-01
359     -3.51000000e-01    9.65168947e-01    7.72134671e-01
360     -3.50000000e-01    9.64953005e-01    7.71714036e-01
361     -3.49000000e-01    9.64729733e-01    7.71294726e-01
362     -3.48000000e-01    9.64499156e-01    7.70876733e-01
363     -3.47000000e-01    9.64261300e-01    7.70460050e-01
364     -3.46000000e-01    9.64016190e-01    7.70044670e-01
365     -3.45000000e-01    9.63763854e-01    7.69630584e-01
366     -3.44000000e-01    9.63504316e-01    7.69217787e-01
367     -3.43000000e-01    9.63237604e-01    7.68806271e-01
368     -3.42000000e-01    9.62963744e-01    7.68396030e-01
369     -3.41000000e-01    9.62682764e-01    7.67987055e-01
370     -3.40000000e-01    9.62394690e-01    7.67579342e-01
371     -3.39000000e-01    9.62099551e-01    7.67172884e-01
372     -3.38000000e-01    9.61797374e-01    7.66767674e-01
373     -3.37000000e-01    9.61488188e-01    7.66363706e-01
374     -3.36000000e-01    9.61172020e-01    7.65960975e-01
375     -3.35000000e-01    9.60848900e-01    7.65559475e-01
376     -3.34000000e-01    9.60518857e-01    7.65159200e-01
377     -3.33000000e-01    9.60181920e-01    7.64760144e-01
378     -3.32000000e-01    9.59838120e-01    7.64362304e-01
379     -3.31000000e-01    9.59487486e-01    7.63965672e-01
380     -3.30000000e-01    9.59130049e-01    7.63570246e-01
381     -3.29000000e-01    9.58765840e-01    7.63176020e-01
382     -3.28000000e-01    9.58394892e-01    7.62782989e-01
383     -3.27000000e-01    9.58017235e-01    7.62391149e-01
384     -3.26000000e-01    9.57632903e-01    7.62000495e-01
385     -3.25000000e-01    9.57241928e-01    7.61611025e-01
386     -3.24000000e-01    9.56844344e-01    7.61222734e-01
387     -3.23000000e-01    9.56440185e-01    7.60835618e-01
388     -3.22000000e-01    9.56029487e-01    7.60449674e-01
389     -3.21000000e-01    9.55612284e-01    7.60064898e-01
390     -3.20000000e-01    9.55188612e-01    7.59681288e-01
391     -3.19000000e-01    9.54758508e-01    7.59298840e-01
392     -3.18000000e-01    9.54322011e-01    7.58917552e-01
393     -3.17000000e-01    9.53879157e-01    7.58537421e-01
394     -3.16000000e-01    9.53429986e-01    7.58158444e-01
395     -3.15000000e-01    9.52974538e-01    7.57780620e-01
396     -3.14000000e-01    9.52512854e-01    7.57403946e-01
397     -3.13000000e-01    9.52044975e-01    7.57028420e-01
398     -3.12000000e-01    9.51570943e-01    7.56654040e-01
399     -3.11000000e-01    9.51090802e-01    7.56280806e-01
400     -3.10000000e-01    9.50604597e-01    7.55908714e-01
401     -3.09000000e-01    9.50112373e-01    7.55537766e-01
402     -3.08000000e-01    9.49614177e-01    7.55167958e-01
403     -3.07000000e-01    9.49110055e-01    7.54799290e-01
404     -3.06000000e-01    9.48600058e-01    7.54431762e-01
405     -3.05000000e-01    9.48084235e-01    7.54065373e-01
406     -3.04000000e-01    9.47562636e-01    7.53700123e-01
407     -3.03000000e-01    9.47035315e-01    7.53336011e-01
408     -3.02000000e-01    9.46502324e-01    7.52973037e-01
409     -3.01000000e-01    9.45963718e-01    7.52611201e-01
410     -3.00000000e-01    9.45419554e-01    7.52250504e-01
411     -2.99000000e-01    9.44869889e-01    7.51890946e-01
412     -2.98000000e-01    9.44314780e-01    7.51532527e-01
413     -2.97000000e-01    9.43754288e-01    7.51175248e-01
414     -2.96000000e-01    9.43188474e-01    7.50819110e-01
415     -2.95000000e-01    9.42617400e-01    7.50464115e-01
416     -2.94000000e-01    9.42041130e-01    7.50110263e-01
417     -2.93000000e-01    9.41459728e-01    7.49757555e-01
418     -2.92000000e-01    9.40873261e-01    7.49405993e-01
419     -2.91000000e-01    9.40281795e-01    7.49055579e-01
420     -2.90000000e-01    9.39685400e-01    7.48706314e-01
421     -2.89000000e-01    9.39084144e-01    7.48358200e-01
422     -2.88000000e-01    9.38478097e-01    7.48011239e-01
423     -2.87000000e-01    9.37867333e-01    7.47665434e-01
424     -2.86000000e-01    9.37251922e-01    7.47320787e-01
425     -2.85000000e-01    9.36631939e-01    7.46977300e-01
426     -2.84000000e-01    9.36007458e-01    7.46634975e-01
427     -2.83000000e-01    9.35378553e-01    7.46293816e-01
428     -2.82000000e-01    9.34745301e-01    7.45953825e-01
429     -2.81000000e-01    9.34107778e-01    7.45615005e-01
430     -2.80000000e-01    9.33466061e-01    7.45277360e-01
431     -2.79000000e-01    9.32820227e-01    7.44940892e-01
432     -2.78000000e-01    9.32170354e-01    7.44605604e-01
433     -2.77000000e-01    9.31516519e-01    7.44271501e-01
434     -2.76000000e-01    9.30858802e-01    7.43938585e-01
435     -2.75000000e-01    9.30197280e-01    7.43606861e-01
436     -2.74000000e-01    9.29532032e-01    7.43276332e-01
437     -2.73000000e-01    9.28863135e-01    7.42947002e-01
438     -2.72000000e-01    9.28190669e-01    7.42618875e-01
439     -2.71000000e-01    9.27514710e-01    7.42291954e-01
440     -2.70000000e-01    9.26835335e-01    7.41966245e-01
441     -2.69000000e-01    9.26152623e-01    7.41641752e-01
442     -2.68000000e-01    9.25466649e-01    7.41318478e-01
443     -2.67000000e-01    9.24777489e-01    7.40996428e-01
444     -2.66000000e-01    9.24085218e-01    7.40675607e-01
445     -2.65000000e-01    9.23389911e-01    7.40356019e-01
446     -2.64000000e-01    9.22691640e-01    7.40037670e-01
447     -2.63000000e-01    9.21990480e-01    7.39720563e-01
448     -2.62000000e-01    9.21286501e-01    7.39404705e-01
449     -2.61000000e-01    9.20579774e-01    7.39090099e-01
450     -2.60000000e-01    9.19870368e-01    7.38776750e-01
451     -2.59000000e-01    9.19158353e-01    7.38464665e-01
452     -2.58000000e-01    9.18443796e-01    7.38153847e-01
453     -2.57000000e-01    9.17726762e-01    7.37844303e-01
454     -2.56000000e-01    9.17007317e-01    7.37536038e-01
455     -2.55000000e-01    9.16285525e-01    7.37229056e-01
456     -2.54000000e-01    9.15561447e-01    7.36923363e-01
457     -2.53000000e-01    9.14835146e-01    7.36618966e-01
458     -2.52000000e-01    9.14106680e-01    7.36315868e-01
459     -2.51000000e-01    9.13376109e-01    7.36014077e-01
460     -2.50000000e-01    9.12643490e-01    7.35713597e-01
461     -2.49000000e-01    9.11908879e-01    7.35414435e-01
462     -2.48000000e-01    9.11172329e-01    7.35116595e-01
463     -2.47000000e-01    9.10433895e-01    7.34820085e-01
464     -2.46000000e-01    9.09693629e-01    7.34524908e-01
465     -2.45000000e-01    9.08951580e-01    7.34231073e-01
466     -2.44000000e-01    9.08207799e-01    7.33938584e-01
467     -2.43000000e-01    9.07462332e-01    7.33647447e-01
468     -2.42000000e-01    9.06715228e-01    7.33357668e-01
469     -2.41000000e-01    9.05966531e-01    7.33069254e-01
470     -2.40000000e-01    9.05216286e-01    7.32782210e-01
471     -2.39000000e-01    9.04464536e-01    7.32496542e-01
472     -2.38000000e-01    9.03711321e-01    7.32212257e-01
473     -2.37000000e-01    9.02956685e-01    7.31929360e-01
474     -2.36000000e-01    9.02200664e-01    7.31647859e-01
475     -2.35000000e-01    9.01443299e-01    7.31367758e-01
476     -2.34000000e-01    9.00684625e-01    7.31089064e-01
477     -2.33000000e-01    8.99924680e-01    7.30811784e-01
478     -2.32000000e-01    8.99163498e-01    7.30535923e-01
479     -2.31000000e-01    8.98401114e-01    7.30261488e-01
480     -2.30000000e-01    8.97637559e-01    7.29988485e-01
481     -2.29000000e-01    8.96872868e-01    7.29716920e-01
482     -2.28000000e-01    8.96107070e-01    7.29446800e-01
483     -2.27000000e-01    8.95340195e-01    7.29178131e-01
484     -2.26000000e-01    8.94572274e-01    7.28910919e-01
485     -2.25000000e-01    8.93803334e-01    7.28645171e-01
486     -2.24000000e-01    8.93033402e-01    7.28380892e-01
487     -2.23000000e-01    8.92262507e-01    7.28118090e-01
488     -2.22000000e-01    8.91490673e-01    7.27856770e-01
489     -2.21000000e-01    8.90717925e-01    7.27596939e-01
490     -2.20000000e-01    8.89944289e-01    7.27338604e-01
491     -2.19000000e-01    8.89169787e-01    7.27081770e-01
492     -2.18000000e-01    8.88394443e-01    7.26826444e-01
493     -2.17000000e-01    8.87618278e-01    7.26572632e-01
494     -2.16000000e-01    8.86841315e-01    7.26320342e-01
495     -2.15000000e-01    8.86063574e-01    7.26069579e-01
496     -2.14000000e-01    8.85285076e-01    7.25820349e-01
497     -2.13000000e-01    8.84505840e-01    7.25572659e-01
498     -2.12000000e-01    8.83725885e-01    7.25326516e-01
499     -2.11000000e-01    8.82945231e-01    7.25081926e-01
500     -2.10000000e-01    8.82163894e-01    7.24838895e-01
501     -2.09000000e-01    8.81381893e-01    7.24597430e-01
502     -2.08000000e-01    8.80599245e-01    7.24357537e-01
503     -2.07000000e-01    8.79815966e-01    7.24119222e-01
504     -2.06000000e-01    8.79032072e-01    7.23882493e-01
505     -2.05000000e-01    8.78247579e-01    7.23647356e-01
506     -2.04000000e-01    8.77462501e-01    7.23413817e-01
507     -2.03000000e-01    8.76676855e-01    7.23181882e-01
508     -2.02000000e-01    8.75890653e-01    7.22951559e-01
509     -2.01000000e-01    8.75103910e-01    7.22722853e-01
510     -2.00000000e-01    8.74316640e-01    7.22495772e-01
511     -1.99000000e-01    8.73528856e-01    7.22270321e-01
512     -1.98000000e-01    8.72740570e-01    7.22046508e-01
513     -1.97000000e-01    8.71951796e-01    7.21824340e-01
514     -1.96000000e-01    8.71162545e-01    7.21603821e-01
515     -1.95000000e-01    8.70372829e-01    7.21384960e-01
516     -1.94000000e-01    8.69582660e-01    7.21167764e-01
517     -1.93000000e-01    8.68792049e-01    7.20952238e-01
518     -1.92000000e-01    8.68001008e-01    7.20738389e-01
519     -1.91000000e-01    8.67209547e-01    7.20526225e-01
520     -1.90000000e-01    8.66417676e-01    7.20315751e-01
521     -1.89000000e-01    8.65625407e-01    7.20106976e-01
522     -1.88000000e-01    8.64832748e-01    7.19899905e-01
523     -1.87000000e-01    8.64039711e-01    7.19694547e-01
524     -1.86000000e-01    8.63246304e-01    7.19490906e-01
525     -1.85000000e-01    8.62452537e-01    7.19288992e-01
526     -1.84000000e-01    8.61658420e-01    7.19088810e-01
527     -1.83000000e-01    8.60863961e-01    7.18890368e-01
528     -1.82000000e-01    8.60069170e-01    7.18693673e-01
529     -1.81000000e-01    8.59274055e-01    7.18498732e-01
530     -1.80000000e-01    8.58478625e-01    7.18305553e-01
531     -1.79000000e-01    8.57682888e-01    7.18114142e-01
532     -1.78000000e-01    8.56886852e-01    7.17924507e-01
533     -1.77000000e-01    8.56090527e-01    7.17736656e-01
534     -1.76000000e-01    8.55293920e-01    7.17550596e-01
535     -1.75000000e-01    8.54497039e-01    7.17366334e-01
536     -1.74000000e-01    8.53699891e-01    7.17183879e-01
537     -1.73000000e-01    8.52902486e-01    7.17003238e-01
538     -1.72000000e-01    8.52104830e-01    7.16824419e-01
539     -1.71000000e-01    8.51306932e-01    7.16647430e-01
540     -1.70000000e-01    8.50508798e-01    7.16472278e-01
541     -1.69000000e-01    8.49710437e-01    7.16298972e-01
542     -1.68000000e-01    8.48911856e-01    7.16127520e-01
543     -1.67000000e-01    8.48113062e-01    7.15957931e-01
544     -1.66000000e-01    8.47314063e-01    7.15790212e-01
545     -1.65000000e-01    8.46514867e-01    7.15624372e-01
546     -1.64000000e-01    8.45715480e-01    7.15460420e-01
547     -1.63000000e-01    8.44915910e-01    7.15298365e-01
548     -1.62000000e-01    8.44116164e-01    7.15138214e-01
549     -1.61000000e-01    8.43316250e-01    7.14979978e-01
550     -1.60000000e-01    8.42516176e-01    7.14823665e-01
551     -1.59000000e-01    8.41715948e-01    7.14669284e-01
552     -1.58000000e-01    8.40915574e-01    7.14516845e-01
553     -1.57000000e-01    8.40115062e-01    7.14366357e-01
554     -1.56000000e-01    8.39314419e-01    7.14217830e-01
555     -1.55000000e-01    8.38513653e-01    7.14071274e-01
556     -1.54000000e-01    8.37712771e-01    7.13926697e-01
557     -1.53000000e-01    8.36911782e-01    7.13784111e-01
558     -1.52000000e-01    8.36110692e-01    7.13643526e-01
559     -1.51000000e-01    8.35309511e-01    7.13504951e-01
560     -1.50000000e-01    8.34508246e-01    7.13368398e-01
561     -1.49000000e-01    8.33706904e-01    7.13233876e-01
562     -1.48000000e-01    8.32905496e-01    7.13101398e-01
563     -1.47000000e-01    8.32104028e-01    7.12970973e-01
564     -1.46000000e-01    8.31302510e-01    7.12842613e-01
565     -1.45000000e-01    8.30500950e-01    7.12716330e-01
566     -1.44000000e-01    8.29699356e-01    7.12592135e-01
567     -1.43000000e-01    8.28897739e-01    7.12470039e-01
568     -1.42000000e-01    8.28096107e-01    7.12350055e-01
569     -1.41000000e-01    8.27294470e-01    7.12232195e-01
570     -1.40000000e-01    8.26492837e-01    7.12116471e-01
571     -1.39000000e-01    8.25691218e-01    7.12002896e-01
572     -1.38000000e-01    8.24889623e-01    7.11891482e-01
573     -1.37000000e-01    8.24088062e-01    7.11782243e-01
574     -1.36000000e-01    8.23286547e-01    7.11675192e-01
575     -1.35000000e-01    8.22485087e-01    7.11570341e-01
576     -1.34000000e-01    8.21683694e-01    7.11467706e-01
577     -1.33000000e-01    8.20882379e-01    7.11367300e-01
578     -1.32000000e-01    8.20081154e-01    7.11269136e-01
579     -1.31000000e-01    8.19280031e-01    7.11173230e-01
580     -1.30000000e-01    8.18479022e-01    7.11079596e-01
581     -1.29000000e-01    8.17678140e-01    7.10988249e-01
582     -1.28000000e-01    8.16877398e-01    7.10899205e-01
583     -1.27000000e-01    8.16076809e-01    7.10812478e-01
584     -1.26000000e-01    8.15276386e-01    7.10728084e-01
585     -1.25000000e-01    8.14476145e-01    7.10646040e-01
586     -1.24000000e-01    8.13676099e-01    7.10566361e-01
587     -1.23000000e-01    8.12876264e-01    7.10489064e-01
588     -1.22000000e-01    8.12076654e-01    7.10414167e-01
589     -1.21000000e-01    8.11277286e-01    7.10341686e-01
590     -1.20000000e-01    8.10478177e-01    7.10271638e-01
591     -1.19000000e-01    8.09679342e-01    7.10204042e-01
592     -1.18000000e-01    8.08880800e-01    7.10138915e-01
593     -1.17000000e-01    8.08082568e-01    7.10076276e-01
594     -1.16000000e-01    8.07284664e-01    7.10016144e-01
595     -1.15000000e-01    8.06487108e-01    7.09958537e-01
596     -1.14000000e-01    8.05689918e-01    7.09903475e-01
597     -1.13000000e-01    8.04893113e-01    7.09850977e-01
598     -1.12000000e-01    8.04096713e-01    7.09801064e-01
599     -1.11000000e-01    8.03300739e-01    7.09753756e-01
600     -1.10000000e-01    8.02505213e-01    7.09709073e-01
601     -1.09000000e-01    8.01710157e-01    7.09667037e-01
602     -1.08000000e-01    8.00915594e-01    7.09627669e-01
603     -1.07000000e-01    8.00121548e-01    7.09590990e-01
604     -1.06000000e-01    7.99328042e-01    7.09557024e-01
605     -1.05000000e-01    7.98535103e-01    7.09525791e-01
606     -1.04000000e-01    7.97742755e-01    7.09497316e-01
607     -1.03000000e-01    7.96951025e-01    7.09471621e-01
608     -1.02000000e-01    7.96159940e-01    7.09448730e-01
609     -1.01000000e-01    7.95369529e-01    7.09428666e-01
610     -1.00000000e-01    7.94579819e-01    7.09411456e-01
611     -9.90000000e-02    7.93790841e-01    7.09397122e-01
612     -9.80000000e-02    7.93002624e-01    7.09385690e-01
613     -9.70000000e-02    7.92215200e-01    7.09377186e-01
614     -9.60000000e-02    7.91428602e-01    7.09371635e-01
615     -9.50000000e-02    7.90642861e-01    7.09369064e-01
616     -9.40000000e-02    7.89858011e-01    7.09369501e-01
617     -9.30000000e-02    7.89074088e-01    7.09372971e-01
618     -9.20000000e-02    7.88291126e-01    7.09379502e-01
619     -9.10000000e-02    7.87509163e-01    7.09389123e-01
620     -9.00000000e-02    7.86728236e-01    7.09401861e-01
621     -8.90000000e-02    7.85948383e-01    7.09417747e-01
622     -8.80000000e-02    7.85169643e-01    7.09436808e-01
623     -8.70000000e-02    7.84392057e-01    7.09459074e-01
624     -8.60000000e-02    7.83615666e-01    7.09484576e-01
625     -8.50000000e-02    7.82840512e-01    7.09513344e-01
626     -8.40000000e-02    7.82066639e-01    7.09545409e-01
627     -8.30000000e-02    7.81294091e-01    7.09580803e-01
628     -8.20000000e-02    7.80522913e-01    7.09619556e-01
629     -8.10000000e-02    7.79753152e-01    7.09661702e-01
630     -8.00000000e-02    7.78984855e-01    7.09707272e-01
631     -7.90000000e-02    7.78218071e-01    7.09756301e-01
632     -7.80000000e-02    7.77452849e-01    7.09808821e-01
633     -7.70000000e-02    7.76689240e-01    7.09864866e-01
634     -7.60000000e-02    7.75927295e-01    7.09924471e-01
635     -7.50000000e-02    7.75167067e-01    7.09987670e-01
636     -7.40000000e-02    7.74408610e-01    7.10054498e-01
637     -7.30000000e-02    7.73651978e-01    7.10124992e-01
638     -7.20000000e-02    7.72897228e-01    7.10199186e-01
639     -7.10000000e-02    7.72144416e-01    7.10277118e-01
640     -7.00000000e-02    7.71393600e-01    7.10358823e-01
641     -6.90000000e-02    7.70644840e-01    7.10444340e-01
642     -6.80000000e-02    7.69898194e-01    7.10533706e-01
643     -6.70000000e-02    7.69153725e-01    7.10626958e-01
644     -6.60000000e-02    7.68411494e-01    7.10724134e-01
645     -6.50000000e-02    7.67671563e-01    7.10825275e-01
646     -6.40000000e-02    7.66933998e-01    7.10930417e-01
647     -6.30000000e-02    7.66198862e-01    7.11039602e-01
648     -6.20000000e-02    7.65466221e-01    7.11152867e-01
649     -6.10000000e-02    7.64736142e-01    7.11270254e-01
650     -6.00000000e-02    7.64008693e-01    7.11391803e-01
651     -5.90000000e-02    7.63283941e-01    7.11517554e-01
652     -5.80000000e-02    7.62561957e-01    7.11647548e-01
653     -5.70000000e-02    7.61842808e-01    7.11781826e-01
654     -5.60000000e-02    7.61126567e-01    7.11920430e-01
655     -5.50000000e-02    7.60413304e-01    7.12063401e-01
656     -5.40000000e-02    7.59703091e-01    7.12210781e-01
657     -5.30000000e-02    7.58996001e-01    7.12362612e-01
658     -5.20000000e-02    7.58292106e-01    7.12518936e-01
659     -5.10000000e-02    7.57591480e-01    7.12679796e-01
660     -5.00000000e-02    7.56894197e-01    7.12845234e-01
661     -4.90000000e-02    7.56200331e-01    7.13015292e-01
662     -4.80000000e-02    7.55509956e-01    7.13190015e-01
663     -4.70000000e-02    7.54823148e-01    7.13369443e-01
664     -4.60000000e-02    7.54139981e-01    7.13553620e-01
665     -4.50000000e-02    7.53460530e-01    7.13742590e-01
666     -4.40000000e-02    7.52784871e-01    7.13936393e-01
667     -4.30000000e-02    7.52113078e-01    7.14135074e-01
668     -4.20000000e-02    7.51445228e-01    7.14338676e-01
669     -4.10000000e-02    7.50781393e-01    7.14547239e-01
670     -4.00000000e-02    7.50121650e-01    7.14760807e-01
671     -3.90000000e-02    7.49466073e-01    7.14979423e-01
672     -3.80000000e-02    7.48814734e-01    7.15203127e-01
673     -3.70000000e-02    7.48167708e-01    7.15431962e-01
674     -3.60000000e-02    7.47525068e-01    7.15665970e-01
675     -3.50000000e-02    7.46886885e-01    7.15905190e-01
676     -3.40000000e-02    7.46253232e-01    7.16149664e-01
677     -3.30000000e-02    7.45624178e-01    7.16399432e-01
678     -3.20000000e-02    7.44999794e-01    7.16654534e-01
679     -3.10000000e-02    7.44380148e-01    7.16915009e-01
680     -3.00000000e-02    7.43765308e-01    7.17180896e-01
681     -2.90000000e-02    7.43155340e-01    7.17452232e-01
682     -2.80000000e-02    7.42550311e-01    7.17729056e-01
683     -2.70000000e-02    7.41950283e-01    7.18011402e-01
684     -2.60000000e-02    7.41355320e-01    7.18299309e-01
685     -2.50000000e-02    7.40765483e-01    7.18592810e-01
686     -2.40000000e-02    7.40180831e-01    7.18891940e-01
687     -2.30000000e-02    7.39601423e-01    7.19196731e-01
688     -2.20000000e-02    7.39027315e-01    7.19507217e-01
689     -2.10000000e-02    7.38458562e-01    7.19823429e-01
690     -2.00000000e-02    7.37895216e-01    7.20145395e-01
691     -1.90000000e-02    7.37337329e-01    7.20473147e-01
692     -1.80000000e-02    7.36784950e-01    7.20806710e-01
693     -1.70000000e-02    7.36238126e-01    7.21146111e-01
694     -1.60000000e-02    7.35696903e-01    7.21491377e-01
695     -1.50000000e-02    7.35161323e-01    7.21842530e-01
696     -1.40000000e-02    7.34631427e-01    7.22199592e-01
697     -1.30000000e-02    7.34107255e-01    7.22562585e-01
698     -1.20000000e-02    7.33588844e-01    7.22931527e-01
699     -1.10000000e-02    7.33076227e-01    7.23306437e-01
700     -1.00000000e-02    7.32569437e-01    7.23687330e-01
701     -9.00000000e-03    7.32068504e-01    7.24074220e-01
702     -8.00000000e-03    7.31573457e-01    7.24467120e-01
703     -7.00000000e-03    7.31084321e-01    7.24866040e-01
704     -6.00000000e-03    7.30601118e-01    7.25270990e-01
705     -5.00000000e-03    7.30123871e-01    7.25681976e-01
706     -4.00000000e-03    7.29652598e-01    7.26099002e-01
707     -3.00000000e-03    7.29187316e-01    7.26522073e-01
708     -2.00000000e-03    7.28728039e-01    7.26951188e-01
709     -1.00000000e-03    7.28274779e-01    7.27386347e-01
710      0.00000000e+00    7.27827545e-01    7.27827545e-01
711      1.00000000e-03    7.27386347e-01    7.28274779e-01
712      2.00000000e-03    7.26951188e-01    7.28728039e-01
713      3.00000000e-03    7.26522073e-01    7.29187316e-01
714      4.00000000e-03    7.26099002e-01    7.29652598e-01
715      5.00000000e-03    7.25681976e-01    7.30123871e-01
716      6.00000000e-03    7.25270990e-01    7.30601118e-01
717      7.00000000e-03    7.24866040e-01    7.31084321e-01
718      8.00000000e-03    7.24467120e-01    7.31573457e-01
719      9.00000000e-03    7.24074220e-01    7.32068504e-01
720      1.00000000e-02    7.23687330e-01    7.32569437e-01
721      1.10000000e-02    7.23306437e-01    7.33076227e-01
722      1.20000000e-02    7.22931527e-01    7.33588844e-01
723      1.30000000e-02    7.22562585e-01    7.34107255e-01
724      1.40000000e-02    7.22199592e-01    7.34631427e-01
725      1.50000000e-02    7.21842530e-01    7.35161323e-01
726      1.60000000e-02    7.21491377e-01    7.35696903e-01
727      1.70000000e-02    7.21146111e-01    7.36238126e-01
728      1.80000000e-02    7.20806710e-01    7.36784950e-01
729      1.90000000e-02    7.20473147e-01    7.37337329e-01
730      2.00000000e-02    7.20145395e-01    7.37895216e-01
731      2.10000000e-02    7.19823429e-01    7.38458562e-01
732      2.20000000e-02    7.19507217e-01    7.39027315e-01
733      2.30000000e-02    7.19196731e-01    7.39601423e-01
734      2.40000000e-02    7.18891940e-01    7.40180831e-01
735      2.50000000e-02    7.18592810e-01    7.40765483e-01
736      2.60000000e-02    7.18299309e-01    7.41355320e-01
737      2.70000000e-02    7.18011402e-01    7.41950283e-01
738      2.80000000e-02    7.17729056e-01    7.42550311e-01
739      2.90000000e-02    7.17452232e-01    7.43155340e-01
740      3.00000000e-02    7.17180896e-01    7.43765308e-01
741      3.10000000e-02    7.16915009e-01    7.44380148e-01
742      3.20000000e-02    7.16654534e-01    7.44999794e-01
743      3.30000000e-02    7.16399432e-01    7.45624178e-01
744      3.40000000e-02    7.16149664e-01    7.46253232e-01
745      3.50000000e-02    7.15905190e-01    7.46886885e-01
746      3.60000000e-02    7.15665970e-01    7.47525068e-01
747      3.70000000e-02    7.15431962e-01    7.48167708e-01
748      3.80000000e-02    7.15203127e-01    7.48814734e-01
749      3.90000000e-02    7.14979423e-01    7.49466073e-01
750      4.00000000e-02    7.14760807e-01    7.50121650e-01
751      4.10000000e-02    7.14547239e-01    7.50781393e-01
752      4.20000000e-02    7.14338676e-01    7.51445228e-01
753      4.30000000e-02    7.14135074e-01    7.52113078e-01
754      4.40000000e-02    7.13936393e-01    7.52784871e-01
755      4.50000000e-02    7.13742590e-01    7.53460530e-01
756      4.60000000e-02    7.13553620e-01    7.54139981e-01
757      4.70000000e-02    7.13369443e-01    7.54823148e-01
758      4.80000000e-02    7.13190015e-01    7.55509956e-01
759      4.90000000e-02    7.13015292e-01    7.56200331e-01
760      5.00000000e-02    7.12845234e-01    7.56894197e-01
761      5.10000000e-02    7.12679796e-01    7.57591480e-01
762      5.20000000e-02    7.12518936e-01    7.58292106e-01
763      5.30000000e-02    7.12362612e-01    7.58996001e-01
764      5.40000000e-02    7.12210781e-01    7.59703091e-01
765      5.50000000e-02    7.12063401e-01    7.60413304e-01
766      5.60000000e-02    7.11920430e-01    7.61126567e-01
767      5.70000000e-02    7.11781826e-01    7.61842808e-01
768      5.80000000e-02    7.11647548e-01    7.62561957e-01
769      5.90000000e-02    7.11517554e-01    7.63283941e-01
770      6.00000000e-02    7.11391803e-01    7.64008693e-01
771      6.10000000e-02    7.11270254e-01    7.64736142e-01
772      6.20000000e-02    7.11152867e-01    7.65466221e-01
773      6.30000000e-02    7.11039602e-01    7.66198862e-01
774      6.40000000e-02    7.10930417e-01    7.66933998e-01
775      6.50000000e-02    7.10825275e-01    7.67671563e-01
776      6.60000000e-02    7.10724134e-01    7.68411494e-01
777      6.70000000e-02    7.10626958e-01    7.69153725e-01
778      6.80000000e-02    7.10533706e-01    7.69898194e-01
779      6.90000000e-02    7.10444340e-01    7.70644840e-01
780      7.00000000e-02    7.10358823e-01    7.71393600e-01
781      7.10000000e-02    7.10277118e-01    7.72144416e-01
782      7.20000000e-02    7.10199186e-01    7.72897228e-01
783      7.30000000e-02    7.10124992e-01    7.73651978e-01
784      7.40000000e-02    7.10054498e-01    7.74408610e-01
785      7.50000000e-02    7.09987670e-01    7.75167067e-01
786      7.60000000e-02    7.09924471e-01    7.75927295e-01
787      7.70000000e-02    7.09864866e-01    7.76689240e-01
788      7.80000000e-02    7.09808821e-01    7.77452849e-01
789      7.90000000e-02    7.09756301e-01    7.78218071e-01
790      8.00000000e-02    7.09707272e-01    7.78984855e-01
791      8.10000000e-02    7.09661702e-01    7.79753152e-01
792      8.20000000e-02    7.09619556e-01    7.80522913e-01
793      8.30000000e-02    7.09580803e-01    7.81294091e-01
794      8.40000000e-02    7.09545409e-01    7.82066639e-01
795      8.50000000e-02    7.09513344e-01    7.82840512e-01
796      8.60000000e-02    7.09484576e-01    7.83615666e-01
797      8.70000000e-02    7.09459074e-01    7.84392057e-01
798      8.80000000e-02    7.09436808e-01    7.85169643e-01
799      8.90000000e-02    7.09417747e-01    7.85948383e-01
800      9.00000000e-02    7.09401861e-01    7.86728236e-01
801      9.10000000e-02    7.09389123e-01    7.87509163e-01
802      9.20000000e-02    7.09379502e-01    7.88291126e-01
803      9.30000000e-02    7.09372971e-01    7.89074088e-01
804      9.40000000e-02    7.09369501e-01    7.89858011e-01
805      9.50000000e-02    7.09369064e-01    7.90642861e-01
806      9.60000000e-02    7.09371635e-01    7.91428602e-01
807      9.70000000e-02    7.09377186e-01    7.92215200e-01
808      9.80000000e-02    7.09385690e-01    7.93002624e-01
809      9.90000000e-02    7.09397122e-01    7.93790841e-01
810      1.00000000e-01    7.09411456e-01    7.94579819e-01
811      1.01000000e-01    7.09428666e-01    7.95369529e-01
812      1.02000000e-01    7.09448730e-01    7.96159940e-01
813      1.03000000e-01    7.09471621e-01    7.96951025e-01
814      1.04000000e-01    7.09497316e-01    7.97742755e-01
815      1.05000000e-01    7.09525791e-01    7.98535103e-01
816      1.06000000e-01    7.09557024e-01    7.99328042e-01
817      1.07000000e-01    7.09590990e-01    8.00121548e-01
818      1.08000000e-01    7.09627669e-01    8.00915594e-01
819      1.09000000e-01    7.09667037e-01    8.01710157e-01
820      1.10000000e-01    7.09709073e-01    8.02505213e-01
821      1.11000000e-01    7.09753756e-01    8.03300739e-01
822      1.12000000e-01    7.09801064e-01    8.04096713e-01
823      1.13000000e-01    7.09850977e-01    8.04893113e-01
824      1.14000000e-01    7.09903475e-01    8.05689918e-01
825      1.15000000e-01    7.09958537e-01    8.06487108e-01
826      1.16000000e-01    7.10016144e-01    8.07284664e-01
827      1.17000000e-01    7.10076276e-01    8.08082568e-01
828      1.18000000e-01    7.10138915e-01    8.08880800e-01
829      1.19000000e-01    7.10204042e-01    8.09679342e-01
830      1.20000000e-01    7.10271638e-01    8.10478177e-01
831      1.21000000e-01    7.10341686e-01    8.11277286e-01
832      1.22000000e-01    7.10414167e-01    8.12076654e-01
833      1.23000000e-01    7.10489064e-01    8.12876264e-01
834      1.24000000e-01    7.10566361e-01    8.13676099e-01
835      1.25000000e-01    7.10646040e-01    8.14476145e-01
836      1.26000000e-01    7.10728084e-01    8.15276386e-01
837      1.27000000e-01    7.10812478e-01    8.16076809e-01
838      1.28000000e-01    7.10899205e-01    8.16877398e-01
839      1.29000000e-01    7.10988249e-01    8.17678140e-01
840      1.30000000e-01    7.11079596e-01    8.18479022e-01
841      1.31000000e-01    7.11173230e-01    8.19280031e-01
842      1.32000000e-01    7.11269136e-01    8.20081154e-01
843      1.33000000e-01    7.11367300e-01    8.20882379e-01
844      1.34000000e-01    7.11467706e-01    8.21683694e-01
845      1.35000000e-01    7.11570341e-01    8.22485087e-01
846      1.36000000e-01    7.11675192e-01    8.23286547e-01
847      1.37000000e-01    7.11782243e-01    8.24088062e-01
848      1.38000000e-01    7.11891482e-01    8.24889623e-01
849      1.39000000e-01    7.12002896e-01    8.25691218e-01
850      1.40000000e-01    7.12116471e-01    8.26492837e-01
851      1.41000000e-01    7.12232195e-01    8.27294470e-01
852      1.42000000e-01    7.12350055e-01    8.28096107e-01
853      1.43000000e-01    7.12470039e-01    8.28897739e-01
854      1.44000000e-01    7.12592135e-01    8.29699356e-01
855      1.45000000e-01    7.12716330e-01    8.30500950e-01
856      1.46000000e-01    7.12842613e-01    8.31302510e-01
857      1.47000000e-01    7.12970973e-01    8.32104028e-01
858      1.48000000e-01    7.13101398e-01    8.32905496e-01
859      1.49000000e-01    7.13233876e-01    8.33706904e-01
860      1.50000000e-01    7.13368398e-01    8.34508246e-01
861      1.51000000e-01    7.13504951e-01    8.35309511e-01
862      1.52000000e-01    7.13643526e-01    8.36110692e-01
863      1.53000000e-01    7.13784111e-01    8.36911782e-01
864      1.54000000e-01    7.13926697e-01    8.37712771e-01
865      1.55000000e-01    7.14071274e-01    8.38513653e-01
866      1.56000000e-01    7.14217830e-01    8.39314419e-01
867      1.57000000e-01    7.14366357e-01    8.40115062e-01
868      1.58000000e-01    7.14516845e-01    8.40915574e-01
869      1.59000000e-01    7.14669284e-01    8.41715948e-01
870      1.60000000e-01    7.14823665e-01    8.42516176e-01
871      1.61000000e-01    7.14979978e-01    8.43316250e-01
872      1.62000000e-01    7.15138214e-01    8.44116164e-01
873      1.63000000e-01    7.15298365e-01    8.44915910e-01
874      1.64000000e-01    7.15460420e-01    8.45715480e-01
875      1.65000000e-01    7.15624372e-01    8.46514867e-01
876      1.66000000e-01    7.15790212e-01    8.47314063e-01
877      1.67000000e-01    7.15957931e-01    8.48113062e-01
878      1.68000000e-01    7.16127520e-01    8.48911856e-01
879      1.69000000e-01    7.16298972e-01    8.49710437e-01
880      1.70000000e-01    7.16472278e-01    8.50508798e-01
881      1.71000000e-01    7.16647430e-01    8.51306932e-01
882      1.72000000e-01    7.16824419e-01    8.52104830e-01
883      1.73000000e-01    7.17003238e-01    8.52902486e-01
884      1.74000000e-01    7.17183879e-01    8.53699891e-01
885      1.75000000e-01    7.17366334e-01    8.54497039e-01
886      1.76000000e-01    7.17550596e-01    8.55293920e-01
887      1.77000000e-01    7.17736656e-01    8.56090527e-01
888      1.78000000e-01    7.17924507e-01    8.56886852e-01
889      1.79000000e-01    7.18114142e-01    8.57682888e-01
890      1.80000000e-01    7.18305553e-01    8.58478625e-01
891      1.81000000e-01    7.18498732e-01    8.59274055e-01
892      1.82000000e-01    7.18693673e-01    8.60069170e-01
893      1.83000000e-01    7.18890368e-01    8.60863961e-01
894      1.84000000e-01    7.19088810e-01    8.61658420e-01
895      1.85000000e-01    7.19288992e-01    8.62452537e-01
896      1.86000000e-01    7.19490906e-01    8.63246304e-01
897      1.87000000e-01    7.19694547e-01    8.64039711e-01
898      1.88000000e-01    7.19899905e-01    8.64832748e-01
899      1.89000000e-01    7.20106976e-01    8.65625407e-01
900      1.90000000e-01    7.20315751e-01    8.66417676e-01
901      1.91000000e-01    7.20526225e-01    8.67209547e-01
902      1.92000000e-01    7.20738389e-01    8.68001008e-01
903      1.93000000e-01    7.20952238e-01    8.68792049e-01
904      1.94000000e-01    7.21167764e-01    8.69582660e-01
905      1.95000000e-01    7.21384960e-01    8.70372829e-01
906      1.96000000e-01    7.21603821e-01    8.71162545e-01
907      1.97000000e-01    7.21824340e-01    8.71951796e-01
908      1.98000000e-01    7.22046508e-01    8.72740570e-01
909      1.99000000e-01    7.22270321e-01    8.73528856e-01
910      2.00000000e-01    7.22495772e-01    8.74316640e-01
911      2.01000000e-01    7.22722853e-01    8.75103910e-01
912      2.02000000e-01    7.22951559e-01    8.75890653e-01
913      2.03000000e-01    7.23181882e-01    8.76676855e-01
914      2.04000000e-01    7.23413817e-01    8.77462501e-01
915      2.05000000e-01    7.23647356e-01    8.78247579e-01
916      2.06000000e-01    7.23882493e-01    8.79032072e-01
917      2.07000000e-01    7.24119222e-01    8.79815966e-01
918      2.08000000e-01    7.24357537e-01    8.80599245e-01
919      2.09000000e-01    7.24597430e-01    8.81381893e-01
920      2.10000000e-01    7.24838895e-01    8.82163894e-01
921      2.11000000e-01    7.25081926e-01    8.82945231e-01
922      2.12000000e-01    7.25326516e-01    8.83725885e-01
923      2.13000000e-01    7.25572659e-01    8.84505840e-01
924      2.14000000e-01    7.25820349e-01    8.85285076e-01
925      2.15000000e-01    7.26069579e-01    8.86063574e-01
926      2.16000000e-01    7.26320342e-01    8.86841315e-01
927      2.17000000e-01    7.26572632e-01    8.87618278e-01
928      2.18000000e-01    7.26826444e-01    8.88394443e-01
929      2.19000000e-01    7.27081770e-01    8.89169787e-01
930      2.20000000e-01    7.27338604e-01    8.89944289e-01
931      2.21000000e-01    7.27596939e-01    8.90717925e-01
932      2.22000000e-01    7.27856770e-01    8.91490673e-01
933      2.23000000e-01    7.28118090e-01    8.92262507e-01
934      2.24000000e-01    7.28380892e-01    8.93033402e-01
935      2.25000000e-01    7.28645171e-01    8.93803334e-01
936      2.26000000e-01    7.28910919e-01    8.94572274e-01
937      2.27000000e-01    7.29178131e-01    8.95340195e-01
938      2.28000000e-01    7.29446800e-01    8.96107070e-01
939      2.29000000e-01    7.29716920e-01    8.96872868e-01
940      2.30000000e-01    7.29988485e-01    8.97637559e-01
941      2.31000000e-01    7.30261488e-01    8.98401114e-01
942      2.32000000e-01    7.30535923e-01    8.99163498e-01
943      2.33000000e-01    7.30811784e-01    8.99924680e-01
944      2.34000000e-01    7.31089064e-01    9.00684625e-01
945      2.35000000e-01    7.31367758e-01    9.01443299e-01
946      2.36000000e-01    7.31647859e-01    9.02200664e-01
947      2.37000000e-01    7.31929360e-01    9.02956685e-01
948      2.38000000e-01    7.32212257e-01    9.03711321e-01
949      2.39000000e-01    7.32496542e-01    9.04464536e-01
950      2.40000000e-01    7.32782210e-01    9.05216286e-01
951      2.41000000e-01    7.33069254e-01    9.05966531e-01
952      2.42000000e-01    7.33357668e-01    9.06715228e-01
953      2.43000000e-01    7.33647447e-01    9.07462332e-01
954      2.44000000e-01    7.33938584e-01    9.08207799e-01
955      2.45000000e-01    7.34231073e-01    9.08951580e-01
956      2.46000000e-01    7.34524908e-01    9.09693629e-01
957      2.47000000e-01    7.34820085e-01    9.10433895e-01
958      2.48000000e-01    7.35116595e-01    9.11172329e-01
959      2.49000000e-01    7.35414435e-01    9.11908879e-01
960      2.50000000e-01    7.35713597e-01    9.12643490e-01
961      2.51000000e-01    7.36014077e-01    9.13376109e-01
962      2.52000000e-01    7.36315868e-01    9.14106680e-01
963      2.53000000e-01    7.36618966e-01    9.14835146e-01
964      2.54000000e-01    7.36923363e-01    9.15561447e-01
965      2.55000000e-01    7.37229056e-01    9.16285525e-01
966      2.56000000e-01    7.37536038e-01    9.17007317e-01
967      2.57000000e-01    7.37844303e-01    9.17726762e-01
968      2.58000000e-01    7.38153847e-01    9.18443796e-01
969      2.59000000e-01    7.38464665e-01    9.19158353e-01
970      2.60000000e-01    7.38776750e-01    9.19870368e-01
971      2.61000000e-01    7.39090099e-01    9.20579774e-01
972      2.62000000e-01    7.39404705e-01    9.21286501e-01
973      2.63000000e-01    7.39720563e-01    9.21990480e-01
974      2.64000000e-01    7.40037670e-01    9.22691640e-01
975      2.65000000e-01    7.40356019e-01    9.23389911e-01
976      2.66000000e-01    7.40675607e-01    9.24085218e-01
977      2.67000000e-01    7.40996428e-01    9.24777489e-01
978      2.68000000e-01    7.41318478e-01    9.25466649e-01
979      2.69000000e-01    7.41641752e-01    9.26152623e-01
980      2.70000000e-01    7.41966245e-01    9.26835335e-01
981      2.71000000e-01    7.42291954e-01    9.27514710e-01
982      2.72000000e-01    7.42618875e-01    9.28190669e-01
983      2.73000000e-01    7.42947002e-01    9.28863135e-01
984      2.74000000e-01    7.43276332e-01    9.29532032e-01
985      2.75000000e-01    7.43606861e-01    9.30197280e-01
986      2.76000000e-01    7.43938585e-01    9.30858802e-01
987      2.77000000e-01    7.44271501e-01    9.31516519e-01
988      2.78000000e-01    7.44605604e-01    9.32170354e-01
989      2.79000000e-01    7.44940892e-01    9.32820227e-01
990      2.80000000e-01    7.45277360e-01    9.33466061e-01
991      2.81000000e-01    7.45615005e-01    9.34107778e-01
992      2.82000000e-01    7.45953825e-01    9.34745301e-01
993      2.83000000e-01    7.46293816e-01    9.35378553e-01
994      2.84000000e-01    7.46634975e-01    9.36007458e-01
995      2.85000000e-01    7.46977300e-01    9.36631939e-01
996      2.86000000e-01    7.47320787e-01    9.37251922e-01
997      2.87000000e-01    7.47665434e-01    9.37867333e-01
998      2.88000000e-01    7.48011239e-01    9.38478097e-01
999      2.89000000e-01    7.48358200e-01    9.39084144e-01
1000     2.90000000e-01    7.48706314e-01    9.39685400e-01
1001     2.91000000e-01    7.49055579e-01    9.40281795e-01
1002     2.92000000e-01    7.49405993e-01    9.40873261e-01
1003     2.93000000e-01    7.49757555e-01    9.41459728e-01
1004     2.94000000e-01    7.50110263e-01    9.42041130e-01
1005     2.95000000e-01    7.50464115e-01    9.42617400e-01
1006     2.96000000e-01    7.50819110e-01    9.43188474e-01
1007     2.97000000e-01    7.51175248e-01    9.43754288e-01
1008     2.98000000e-01    7.51532527e-01    9.44314780e-01
1009     2.99000000e-01    7.51890946e-01    9.44869889e-01
1010     3.00000000e-01    7.52250504e-01    9.45419554e-01
1011     3.01000000e-01    7.52611201e-01    9.45963718e-01
1012     3.02000000e-01    7.52973037e-01    9.46502324e-01
1013     3.03000000e-01    7.53336011e-01    9.47035315e-01
1014     3.04000000e-01    7.53700123e-01    9.47562636e-01
1015     3.05000000e-01    7.54065373e-01    9.48084235e-01
1016     3.06000000e-01    7.54431762e-01    9.48600058e-01
1017     3.07000000e-01    7.54799290e-01    9.49110055e-01
1018     3.08000000e-01    7.55167958e-01    9.49614177e-01
1019     3.09000000e-01    7.55537766e-01    9.50112373e-01
1020     3.10000000e-01    7.55908714e-01    9.50604597e-01
1021     3.11000000e-01    7.56280806e-01    9.51090802e-01
1022     3.12000000e-01    7.56654040e-01    9.51570943e-01
1023     3.13000000e-01    7.57028420e-01    9.52044975e-01
1024     3.14000000e-01    7.57403946e-01    9.52512854e-01
1025     3.15000000e-01    7.57780620e-01    9.52974538e-01
1026     3.16000000e-01    7.58158444e-01    9.53429986e-01
1027     3.17000000e-01    7.58537421e-01    9.53879157e-01
1028     3.18000000e-01    7.58917552e-01    9.54322011e-01
1029     3.19000000e-01    7.59298840e-01    9.54758508e-01
1030     3.20000000e-01    7.59681288e-01    9.55188612e-01
1031     3.21000000e-01    7.60064898e-01    9.55612284e-01
1032     3.22000000e-01    7.60449674e-01    9.56029487e-01
1033     3.23000000e-01    7.60835618e-01    9.56440185e-01
1034     3.24000000e-01    7.61222734e-01    9.56844344e-01
1035     3.25000000e-01    7.61611025e-01    9.57241928e-01
1036     3.26000000e-01    7.62000495e-01    9.57632903e-01
1037     3.27000000e-01    7.62391149e-01    9.58017235e-01
1038     3.28000000e-01    7.62782989e-01    9.58394892e-01
1039     3.29000000e-01    7.63176020e-01    9.58765840e-01
1040     3.30000000e-01    7.63570246e-01    9.59130049e-01
1041     3.31000000e-01    7.63965672e-01    9.59487486e-01
1042     3.32000000e-01    7.64362304e-01    9.59838120e-01
1043     3.33000000e-01    7.64760144e-01    9.60181920e-01
1044     3.34000000e-01    7.65159200e-01    9.60518857e-01
1045     3.35000000e-01    7.65559475e-01    9.60848900e-01
1046     3.36000000e-01    7.65960975e-01    9.61172020e-01
1047     3.37000000e-01    7.66363706e-01    9.61488188e-01
1048     3.38000000e-01    7.66767674e-01    9.61797374e-01
1049     3.39000000e-01    7.67172884e-01    9.62099551e-01
1050     3.40000000e-01    7.67579342e-01    9.62394690e-01
1051     3.41000000e-01    7.67987055e-01    9.62682764e-01
1052     3.42000000e-01    7.68396030e-01    9.62963744e-01
1053     3.43000000e-01    7.68806271e-01    9.63237604e-01
1054     3.44000000e-01    7.69217787e-01    9.63504316e-01
1055     3.45000000e-01    7.69630584e-01    9.63763854e-01
1056     3.46000000e-01    7.70044670e-01    9.64016190e-01
1057     3.47000000e-01    7.70460050e-01    9.64261300e-01
1058     3.48000000e-01    7.70876733e-01    9.64499156e-01
1059     3.49000000e-01    7.71294726e-01    9.64729733e-01
1060     3.50000000e-01    7.71714036e-01    9.64953005e-01
1061     3.51000000e-01    7.72134671e-01    9.65168947e-01
1062     3.52000000e-01    7.72556640e-01    9.65377533e-01
1063     3.53000000e-01    7.72979949e-01    9.65578739e-01
1064     3.54000000e-01    7.73404608e-01    9.65772539e-01
1065     3.55000000e-01    7.73830624e-01    9.65958910e-01
1066     3.56000000e-01    7.74258005e-01    9.66137826e-01
1067     3.57000000e-01    7.74686761e-01    9.66309264e-01
1068     3.58000000e-01    7.75116900e-01    9.66473199e-01
1069     3.59000000e-01    7.75548429e-01    9.66629608e-01
1070     3.60000000e-01    7.75981359e-01    9.66778467e-01
1071     3.61000000e-01    7.76415698e-01    9.66919752e-01
1072     3.62000000e-01    7.76851455e-01    9.67053441e-01
1073     3.63000000e-01    7.77288639e-01    9.67179510e-01
1074     3.64000000e-01    7.77727259e-01    9.67297936e-01
1075     3.65000000e-01    7.78167324e-01    9.67408696e-01
1076     3.66000000e-01    7.78608844e-01    9.67511769e-01
1077     3.67000000e-01    7.79051828e-01    9.67607131e-01
1078     3.68000000e-01    7.79496286e-01    9.67694762e-01
1079     3.69000000e-01    7.79942226e-01    9.67774638e-01
1080     3.70000000e-01    7.80389660e-01    9.67846738e-01
1081     3.71000000e-01    7.80838595e-01    9.67911041e-01
1082     3.72000000e-01    7.81289042e-01    9.67967526e-01
1083     3.73000000e-01    7.81741010e-01    9.68016171e-01
1084     3.74000000e-01    7.82194509e-01    9.68056956e-01
1085     3.75000000e-01    7.82649549e-01    9.68089860e-01
1086     3.76000000e-01    7.83106140e-01    9.68114863e-01
1087     3.77000000e-01    7.83564290e-01    9.68131945e-01
1088     3.78000000e-01    7.84024011e-01    9.68141086e-01
1089     3.79000000e-01    7.84485311e-01    9.68142267e-01
1090     3.80000000e-01    7.84948200e-01    9.68135468e-01
1091     3.81000000e-01    7.85412689e-01    9.68120670e-01
1092     3.82000000e-01    7.85878786e-01    9.68097856e-01
1093     3.83000000e-01    7.86346501e-01    9.68067005e-01
1094     3.84000000e-01    7.86815844e-01    9.68028101e-01
1095     3.85000000e-01    7.87286824e-01    9.67981125e-01
1096     3.86000000e-01    7.87759452e-01    9.67926061e-01
1097     3.87000000e-01    7.88233735e-01    9.67862890e-01
1098     3.88000000e-01    7.88709685e-01    9.67791597e-01
1099     3.89000000e-01    7.89187309e-01    9.67712165e-01
1100     3.90000000e-01    7.89666617e-01    9.67624579e-01
1101     3.91000000e-01    7.90147618e-01    9.67528821e-01
1102     3.92000000e-01    7.90630321e-01    9.67424879e-01
1103     3.93000000e-01    7.91114736e-01    9.67312736e-01
1104     3.94000000e-01    7.91600870e-01    9.67192379e-01
1105     3.95000000e-01    7.92088733e-01    9.67063794e-01
1106     3.96000000e-01    7.92578332e-01    9.66926967e-01
1107     3.97000000e-01    7.93069678e-01    9.66781886e-01
1108     3.98000000e-01    7.93562776e-01    9.66628538e-01
1109     3.99000000e-01    7.94057637e-01    9.66466912e-01
1110     4.00000000e-01    7.94554267e-01    9.66296997e-01
1111     4.01000000e-01    7.95052674e-01    9.66118781e-01
1112     4.02000000e-01    7.95552867e-01    9.65932256e-01
1113     4.03000000e-01    7.96054853e-01    9.65737411e-01
1114     4.04000000e-01    7.96558638e-01    9.65534238e-01
1115     4.05000000e-01    7.97064230e-01    9.65322728e-01
1116     4.06000000e-01    7.97571636e-01    9.65102875e-01
1117     4.07000000e-01    7.98080863e-01    9.64874671e-01
1118     4.08000000e-01    7.98591917e-01    9.64638111e-01
1119     4.09000000e-01    7.99104805e-01    9.64393190e-01
1120     4.10000000e-01    7.99619532e-01    9.64139903e-01
1121     4.11000000e-01    8.00136104e-01    9.63878246e-01
1122     4.12000000e-01    8.00654528e-01    9.63608217e-01
1123     4.13000000e-01    8.01174808e-01    9.63329814e-01
1124     4.14000000e-01    8.01696951e-01    9.63043037e-01
1125     4.15000000e-01    8.02220960e-01    9.62747884e-01
1126     4.16000000e-01    8.02746841e-01    9.62444357e-01
1127     4.17000000e-01    8.03274598e-01    9.62132459e-01
1128     4.18000000e-01    8.03804235e-01    9.61812191e-01
1129     4.19000000e-01    8.04335758e-01    9.61483558e-01
1130     4.20000000e-01    8.04869168e-01    9.61146564e-01
1131     4.21000000e-01    8.05404471e-01    9.60801217e-01
1132     4.22000000e-01    8.05941669e-01    9.60447523e-01
1133     4.23000000e-01    8.06480766e-01    9.60085492e-01
1134     4.24000000e-01    8.07021764e-01    9.59715131e-01
1135     4.25000000e-01    8.07564665e-01    9.59336453e-01
1136     4.26000000e-01    8.08109473e-01    9.58949469e-01
1137     4.27000000e-01    8.08656190e-01    9.58554194e-01
1138     4.28000000e-01    8.09204816e-01    9.58150641e-01
1139     4.29000000e-01    8.09755355e-01    9.57738827e-01
1140     4.30000000e-01    8.10307806e-01    9.57318769e-01
1141     4.31000000e-01    8.10862172e-01    9.56890486e-01
1142     4.32000000e-01    8.11418453e-01    9.56453998e-01
1143     4.33000000e-01    8.11976650e-01    9.56009327e-01
1144     4.34000000e-01    8.12536763e-01    9.55556497e-01
1145     4.35000000e-01    8.13098791e-01    9.55095531e-01
1146     4.36000000e-01    8.13662736e-01    9.54626457e-01
1147     4.37000000e-01    8.14228597e-01    9.54149301e-01
1148     4.38000000e-01    8.14796373e-01    9.53664094e-01
1149     4.39000000e-01    8.15366063e-01    9.53170866e-01
1150     4.40000000e-01    8.15937666e-01    9.52669649e-01
1151     4.41000000e-01    8.16511181e-01    9.52160477e-01
1152     4.42000000e-01    8.17086607e-01    9.51643387e-01
1153     4.43000000e-01    8.17663941e-01    9.51118416e-01
1154     4.44000000e-01    8.18243182e-01    9.50585602e-01
1155     4.45000000e-01    8.18824327e-01    9.50044987e-01
1156     4.46000000e-01    8.19407374e-01    9.49496612e-01
1157     4.47000000e-01    8.19992320e-01    9.48940522e-01
1158     4.48000000e-01    8.20579163e-01    9.48376763e-01
1159     4.49000000e-01    8.21167899e-01    9.47805380e-01
1160     4.50000000e-01    8.21758526e-01    9.47226425e-01
1161     4.51000000e-01    8.22351039e-01    9.46639947e-01
1162     4.52000000e-01    8.22945435e-01    9.46045998e-01
1163     4.53000000e-01    8.23541711e-01    9.45444631e-01
1164     4.54000000e-01    8.24139862e-01    9.44835864e-01
1165     4.55000000e-01    8.24739885e-01    9.44219740e-01
1166     4.56000000e-01    8.25341774e-01    9.43596320e-01
1167     4.57000000e-01    8.25945525e-01    9.42965667e-01
1168     4.58000000e-01    8.26551134e-01    9.42327844e-01
1169     4.59000000e-01    8.27158596e-01    9.41682917e-01
1170     4.60000000e-01    8.27767905e-01    9.41030953e-01
1171     4.61000000e-01    8.28379057e-01    9.40372020e-01
1172     4.62000000e-01    8.28992046e-01    9.39706189e-01
1173     4.63000000e-01    8.29606867e-01    9.39033531e-01
1174     4.64000000e-01    8.30223513e-01    9.38354119e-01
1175     4.65000000e-01    8.30841981e-01    9.37668026e-01
1176     4.66000000e-01    8.31462262e-01    9.36975327e-01
1177     4.67000000e-01    8.32084353e-01    9.36276100e-01
1178     4.68000000e-01    8.32708245e-01    9.35570421e-01
1179     4.69000000e-01    8.33333934e-01    9.34858370e-01
1180     4.70000000e-01    8.33961413e-01    9.34140025e-01
1181     4.71000000e-01    8.34590675e-01    9.33415468e-01
1182     4.72000000e-01    8.35221713e-01    9.32684780e-01
1183     4.73000000e-01    8.35854522e-01    9.31948043e-01
1184     4.74000000e-01    8.36489094e-01    9.31205341e-01
1185     4.75000000e-01    8.37125423e-01    9.30456757e-01
1186     4.76000000e-01    8.37763501e-01    9.29702376e-01
1187     4.77000000e-01    8.38403322e-01    9.28942284e-01
1188     4.78000000e-01    8.39044878e-01    9.28176565e-01
1189     4.79000000e-01    8.39688162e-01    9.27405306e-01
1190     4.80000000e-01    8.40333168e-01    9.26628593e-01
1191     4.81000000e-01    8.40979887e-01    9.25846514e-01
1192     4.82000000e-01    8.41628312e-01    9.25059156e-01
1193     4.83000000e-01    8.42278436e-01    9.24266606e-01
1194     4.84000000e-01    8.42930251e-01    9.23468951e-01
1195     4.85000000e-01    8.43583750e-01    9.22666279e-01
1196     4.86000000e-01    8.44238925e-01    9.21858677e-01
1197     4.87000000e-01    8.44895769e-01    9.21046234e-01
1198     4.88000000e-01    8.45554273e-01    9.20229037e-01
1199     4.89000000e-01    8.46214430e-01    9.19407172e-01
1200     4.90000000e-01    8.46876233e-01    9.18580727e-01
1201     4.91000000e-01    8.47539673e-01    9.17749789e-01
1202     4.92000000e-01    8.48204742e-01    9.16914444e-01
1203     4.93000000e-01    8.48871433e-01    9.16074778e-01
1204     4.94000000e-01    8.49539738e-01    9.15230877e-01
1205     4.95000000e-01    8.50209648e-01    9.14382825e-01
1206     4.96000000e-01    8.50881156e-01    9.13530707e-01
1207     4.97000000e-01    8.51554254e-01    9.12674607e-01
1208     4.98000000e-01    8.52228934e-01    9.11814608e-01
1209     4.99000000e-01    8.52905188e-01    9.10950793e-01
1210     5.00000000e-01    8.53583007e-01    9.10083244e-01
1211     5.01000000e-01    8.54262385e-01    9.09212041e-01
1212     5.02000000e-01    8.54943312e-01    9.08337264e-01
1213     5.03000000e-01    8.55625781e-01    9.07458994e-01
1214     5.04000000e-01    8.56309783e-01    9.06577307e-01
1215     5.05000000e-01    8.56995311e-01    9.05692283e-01
1216     5.06000000e-01    8.57682357e-01    9.04803998e-01
1217     5.07000000e-01    8.58370912e-01    9.03912527e-01
1218     5.08000000e-01    8.59060969e-01    9.03017945e-01
1219     5.09000000e-01    8.59752519e-01    9.02120325e-01
1220     5.10000000e-01    8.60445554e-01    9.01219740e-01
1221     5.11000000e-01    8.61140067e-01    9.00316263e-01
1222     5.12000000e-01    8.61836050e-01    8.99409962e-01
1223     5.13000000e-01    8.62533493e-01    8.98500908e-01
1224     5.14000000e-01    8.63232391e-01    8.97589168e-01
1225     5.15000000e-01    8.63932734e-01    8.96674811e-01
1226     5.16000000e-01    8.64634514e-01    8.95757901e-01
1227     5.17000000e-01    8.65337724e-01    8.94838504e-01
1228     5.18000000e-01    8.66042356e-01    8.93916684e-01
1229     5.19000000e-01    8.66748401e-01    8.92992503e-01
1230     5.20000000e-01    8.67455853e-01    8.92066022e-01
1231     5.21000000e-01    8.68164703e-01    8.91137303e-01
1232     5.22000000e-01    8.68874943e-01    8.90206403e-01
1233     5.23000000e-01    8.69586565e-01    8.89273382e-01
1234     5.24000000e-01    8.70299563e-01    8.88338296e-01
1235     5.25000000e-01    8.71013927e-01    8.87401200e-01
1236     5.26000000e-01    8.71729651e-01    8.86462150e-01
1237     5.27000000e-01    8.72446726e-01    8.85521199e-01
1238     5.28000000e-01    8.73165146e-01    8.84578399e-01
1239     5.29000000e-01    8.73884902e-01    8.83633801e-01
1240     5.30000000e-01    8.74605986e-01    8.82687456e-01
1241     5.31000000e-01    8.75328392e-01    8.81739412e-01
1242     5.32000000e-01    8.76052111e-01    8.80789718e-01
1243     5.33000000e-01    8.76777137e-01    8.79838420e-01
1244     5.34000000e-01    8.77503461e-01    8.78885563e-01
1245     5.35000000e-01    8.78231077e-01    8.77931194e-01
1246     5.36000000e-01    8.78959976e-01    8.76975355e-01
1247     5.37000000e-01    8.79690152e-01    8.76018089e-01
1248     5.38000000e-01    8.80421597e-01    8.75059437e-01
1249     5.39000000e-01    8.81154304e-01    8.74099441e-01
1250     5.40000000e-01    8.81888266e-01    8.73138139e-01
1251     5.41000000e-01    8.82623475e-01    8.72175571e-01
1252     5.42000000e-01    8.83359924e-01    8.71211775e-01
1253     5.43000000e-01    8.84097606e-01    8.70246786e-01
1254     5.44000000e-01    8.84836514e-01    8.69280640e-01
1255     5.45000000e-01    8.85576641e-01    8.68313374e-01
1256     5.46000000e-01    8.86317980e-01    8.67345020e-01
1257     5.47000000e-01    8.87060524e-01    8.66375611e-01
1258     5.48000000e-01    8.87804265e-01    8.65405181e-01
1259     5.49000000e-01    8.88549197e-01    8.64433760e-01
1260     5.50000000e-01    8.89295314e-01    8.63461379e-01
1261     5.51000000e-01    8.90042608e-01    8.62488068e-01
1262     5.52000000e-01    8.90791072e-01    8.61513855e-01
1263     5.53000000e-01    8.91540699e-01    8.60538769e-01
1264     5.54000000e-01    8.92291484e-01    8.59562837e-01
1265     5.55000000e-01    8.93043418e-01    8.58586086e-01
1266     5.56000000e-01    8.93796496e-01    8.57608541e-01
1267     5.57000000e-01    8.94550711e-01    8.56630228e-01
1268     5.58000000e-01    8.95306056e-01    8.55651172e-01
1269     5.59000000e-01    8.96062525e-01    8.54671395e-01
1270     5.60000000e-01    8.96820112e-01    8.53690922e-01
1271     5.61000000e-01    8.97578809e-01    8.52709774e-01
1272     5.62000000e-01    8.98338610e-01    8.51727974e-01
1273     5.63000000e-01    8.99099510e-01    8.50745542e-01
1274     5.64000000e-01    8.99861501e-01    8.49762499e-01
1275     5.65000000e-01    9.00624577e-01    8.48778865e-01
1276     5.66000000e-01    9.01388732e-01    8.47794659e-01
1277     5.67000000e-01    9.02153960e-01    8.46809901e-01
1278     5.68000000e-01    9.02920255e-01    8.45824607e-01
1279     5.69000000e-01    9.03687610e-01    8.44838797e-01
1280     5.70000000e-01    9.04456020e-01    8.43852487e-01
1281     5.71000000e-01    9.05225478e-01    8.42865693e-01
1282     5.72000000e-01    9.05995978e-01    8.41878433e-01
1283     5.73000000e-01    9.06767514e-01    8.40890721e-01
1284     5.74000000e-01    9.07540080e-01    8.39902572e-01
1285     5.75000000e-01    9.08313671e-01    8.38914002e-01
1286     5.76000000e-01    9.09088280e-01    8.37925025e-01
1287     5.77000000e-01    9.09863902e-01    8.36935653e-01
1288     5.78000000e-01    9.10640531e-01    8.35945902e-01
1289     5.79000000e-01    9.11418160e-01    8.34955783e-01
1290     5.80000000e-01    9.12196785e-01    8.33965309e-01
1291     5.81000000e-01    9.12976399e-01    8.32974493e-01
1292     5.82000000e-01    9.13756998e-01    8.31983346e-01
1293     5.83000000e-01    9.14538574e-01    8.30991879e-01
1294     5.84000000e-01    9.15321123e-01    8.30000103e-01
1295     5.85000000e-01    9.16104639e-01    8.29008030e-01
1296     5.86000000e-01    9.16889117e-01    8.28015669e-01
1297     5.87000000e-01    9.17674551e-01    8.27023031e-01
1298     5.88000000e-01    9.18460935e-01    8.26030124e-01
1299     5.89000000e-01    9.19248265e-01    8.25036959e-01
1300     5.90000000e-01    9.20036535e-01    8.24043545e-01
1301     5.91000000e-01    9.20825739e-01    8.23049889e-01
1302     5.92000000e-01    9.21615872e-01    8.22056001e-01
1303     5.93000000e-01    9.22406929e-01    8.21061890e-01
1304     5.94000000e-01    9.23198905e-01    8.20067562e-01
1305     5.95000000e-01    9.23991794e-01    8.19073025e-01
1306     5.96000000e-01    9.24785591e-01    8.18078287e-01
1307     5.97000000e-01    9.25580292e-01    8.17083355e-01
1308     5.98000000e-01    9.26375891e-01    8.16088236e-01
1309     5.99000000e-01    9.27172383e-01    8.15092936e-01
1310     6.00000000e-01    9.27969763e-01    8.14097462e-01
1311     6.01000000e-01    9.28768025e-01    8.13101820e-01
1312     6.02000000e-01    9.29567166e-01    8.12106017e-01
1313     6.03000000e-01    9.30367180e-01    8.11110057e-01
1314     6.04000000e-01    9.31168062e-01    8.10113947e-01
1315     6.05000000e-01    9.31969807e-01    8.09117692e-01
1316     6.06000000e-01    9.32772411e-01    8.08121298e-01
1317     6.07000000e-01    9.33575868e-01    8.07124768e-01
1318     6.08000000e-01    9.34380174e-01    8.06128109e-01
1319     6.09000000e-01    9.35185324e-01    8.05131325e-01
1320     6.10000000e-01    9.35991314e-01    8.04134420e-01
1321     6.11000000e-01    9.36798139e-01    8.03137399e-01
1322     6.12000000e-01    9.37605793e-01    8.02140266e-01
1323     6.13000000e-01    9.38414273e-01    8.01143025e-01
1324     6.14000000e-01    9.39223574e-01    8.00145680e-01
1325     6.15000000e-01    9.40033692e-01    7.99148235e-01
1326     6.16000000e-01    9.40844621e-01    7.98150694e-01
1327     6.17000000e-01    9.41656357e-01    7.97153060e-01
1328     6.18000000e-01    9.42468896e-01    7.96155336e-01
1329     6.19000000e-01    9.43282234e-01    7.95157526e-01
1330     6.20000000e-01    9.44096366e-01    7.94159633e-01
1331     6.21000000e-01    9.44911287e-01    7.93161660e-01
1332     6.22000000e-01    9.45726994e-01    7.92163610e-01
1333     6.23000000e-01    9.46543481e-01    7.91165486e-01
1334     6.24000000e-01    9.47360746e-01    7.90167291e-01
1335     6.25000000e-01    9.48178782e-01    7.89169027e-01
1336     6.26000000e-01    9.48997587e-01    7.88170697e-01
1337     6.27000000e-01    9.49817156e-01    7.87172303e-01
1338     6.28000000e-01    9.50637485e-01    7.86173847e-01
1339     6.29000000e-01    9.51458569e-01    7.85175333e-01
1340     6.30000000e-01    9.52280405e-01    7.84176762e-01
1341     6.31000000e-01    9.53102988e-01    7.83178136e-01
1342     6.32000000e-01    9.53926315e-01    7.82179457e-01
1343     6.33000000e-01    9.54750381e-01    7.81180728e-01
1344     6.34000000e-01    9.55575182e-01    7.80181949e-01
1345     6.35000000e-01    9.56400714e-01    7.79183124e-01
1346     6.36000000e-01    9.57226974e-01    7.78184254e-01
1347     6.37000000e-01    9.58053958e-01    7.77185340e-01
1348     6.38000000e-01    9.58881661e-01    7.76186384e-01
1349     6.39000000e-01    9.59710079e-01    7.75187388e-01
1350     6.40000000e-01    9.60539209e-01    7.74188354e-01
1351     6.41000000e-01    9.61369048e-01    7.73189282e-01
1352     6.42000000e-01    9.62199590e-01    7.72190174e-01
1353     6.43000000e-01    9.63030833e-01    7.71191031e-01
1354     6.44000000e-01    9.63862772e-01    7.70191855e-01
1355     6.45000000e-01    9.64695405e-01    7.69192648e-01
1356     6.46000000e-01    9.65528726e-01    7.68193409e-01
1357     6.47000000e-01    9.66362733e-01    7.67194141e-01
1358     6.48000000e-01    9.67197422e-01    7.66194845e-01
1359     6.49000000e-01    9.68032789e-01    7.65195521e-01
1360     6.50000000e-01    9.68868830e-01    7.64196171e-01
1361     6.51000000e-01    9.69705542e-01    7.63196795e-01
1362     6.52000000e-01    9.70542922e-01    7.62197395e-01
1363     6.53000000e-01    9.71380966e-01    7.61197972e-01
1364     6.54000000e-01    9.72219670e-01    7.60198526e-01
1365     6.55000000e-01    9.73059031e-01    7.59199058e-01
1366     6.56000000e-01    9.73899046e-01    7.58199569e-01
1367     6.57000000e-01    9.74739710e-01    7.57200061e-01
1368     6.58000000e-01    9.75581021e-01    7.56200533e-01
1369     6.59000000e-01    9.76422975e-01    7.55200987e-01
1370     6.60000000e-01    9.77265569e-01    7.54201422e-01
1371     6.61000000e-01    9.78108799e-01    7.53201841e-01
1372     6.62000000e-01    9.78952662e-01    7.52202243e-01
1373     6.63000000e-01    9.79797155e-01    7.51202629e-01
1374     6.64000000e-01    9.80642274e-01    7.50203000e-01
1375     6.65000000e-01    9.81488017e-01    7.49203356e-01
1376     6.66000000e-01    9.82334379e-01    7.48203698e-01
1377     6.67000000e-01    9.83181358e-01    7.47204027e-01
1378     6.68000000e-01    9.84028951e-01    7.46204342e-01
1379     6.69000000e-01    9.84877153e-01    7.45204645e-01
1380     6.70000000e-01    9.85725963e-01    7.44204936e-01
1381     6.71000000e-01    9.86575377e-01    7.43205215e-01
1382     6.72000000e-01    9.87425392e-01    7.42205483e-01
1383     6.73000000e-01    9.88276004e-01    7.41205741e-01
1384     6.74000000e-01    9.89127211e-01    7.40205988e-01
1385     6.75000000e-01    9.89979009e-01    7.39206225e-01
1386     6.76000000e-01    9.90831396e-01    7.38206453e-01
1387     6.77000000e-01    9.91684369e-01    7.37206671e-01
1388     6.78000000e-01    9.92537924e-01    7.36206881e-01
1389     6.79000000e-01    9.93392058e-01    7.35207082e-01
1390     6.80000000e-01    9.94246769e-01    7.34207275e-01
1391     6.81000000e-01    9.95102053e-01    7.33207460e-01
1392     6.82000000e-01    9.95957908e-01    7.32207638e-01
1393     6.83000000e-01    9.96814331e-01    7.31207808e-01
1394     6.84000000e-01    9.97671318e-01    7.30207972e-01
1395     6.85000000e-01    9.98528868e-01    7.29208128e-01
1396     6.86000000e-01    9.99386976e-01    7.28208279e-01
1397     6.87000000e-01    1.00024564e+00    7.27208423e-01
1398     6.88000000e-01    1.00110486e+00    7.26208561e-01
1399     6.89000000e-01    1.00196463e+00    7.25208694e-01
1400     6.90000000e-01    1.00282494e+00    7.24208821e-01
1401     6.91000000e-01    1.00368581e+00    7.23208942e-01
1402     6.92000000e-01    1.00454721e+00    7.22209059e-01
1403     6.93000000e-01    1.00540915e+00    7.21209171e-01
1404     6.94000000e-01    1.00627163e+00    7.20209278e-01
1405     6.95000000e-01    1.00713465e+00    7.19209380e-01
1406     6.96000000e-01    1.00799819e+00    7.18209479e-01
1407     6.97000000e-01    1.00886227e+00    7.17209573e-01
1408     6.98000000e-01    1.00972687e+00    7.16209663e-01
1409     6.99000000e-01    1.01059199e+00    7.15209749e-01
1410     7.00000000e-01    1.01145763e+00    7.14209831e-01
1411     7.01000000e-01    1.01232380e+00    7.13209910e-01
1412     7.02000000e-01    1.01319048e+00    7.12209986e-01
1413     7.03000000e-01    1.01405767e+00    7.11210058e-01
1414     7.04000000e-01    1.01492537e+00    7.10210127e-01
1415     7.05000000e-01    1.01579358e+00    7.09210193e-01
1416     7.06000000e-01    1.01666230e+00    7.08210256e-01
1417     7.07000000e-01    1.01753151e+00    7.07210317e-01
1418     7.08000000e-01    1.01840123e+00    7.06210374e-01
1419     7.09000000e-01    1.01927145e+00    7.05210429e-01
1420     7.10000000e-01    1.02014216e+00    7.04210482e-01
End of Xyce(TM) Parameter Sweep
